,,,,,,,,Shooting %,Shooting %,Shooting %,Shooting %,Shooting %,Shooting %,Shooting %,Shooting %,League-Adjusted,League-Adjusted,League-Adjusted,League-Adjusted,League-Adjusted,League-Adjusted,League-Adjusted,League-Adjusted,Added,Added,,-additional
Rk,Player,Age,Team,Pos,G,GS,MP,FG%,2P%,3P%,eFG%,FT%,TS%,FTr,3PAr,FG+,2P+,3P+,eFG+,FT+,TS+,FTr+,3PAr+,FG Add,TS Add,Awards,-9999
1,Amen Thompson,23,HOU,PG,79,79,2953,.534,.573,.216,.545,.779,.594,.374,.111,113,104,60,100,100,102,142,27,-0.3,29.5,,thompam01
2,Kevin Durant,37,HOU,SF,78,78,2840,.520,.572,.413,.588,.874,.641,.339,.327,110,104,115,108,112,110,129,79,116.4,187.0,AS,duranke01
3,Desmond Bane,27,ORL,SG,82,82,2756,.484,.535,.391,.553,.908,.607,.287,.354,103,97,109,101,116,104,109,85,18.0,68.8,,banede01
4,Toumani Camara,25,POR,PF,82,82,2731,.440,.579,.370,.563,.708,.578,.154,.664,93,105,103,103,90,99,58,160,30.6,-6.2,,camarto01
5,Jabari Smith Jr.,22,HOU,PF,77,77,2705,.450,.537,.363,.541,.775,.570,.215,.501,95,98,101,99,99,98,81,121,-9.9,-24.5,,smithja05
6,Mikal Bridges,29,NYK,SF,82,82,2692,.490,.582,.371,.571,.827,.587,.102,.436,104,106,103,105,106,101,39,105,49.1,11.1,,bridgmi01
7,Scottie Barnes,24,TOR,PF,80,80,2681,.507,.557,.304,.537,.815,.577,.264,.199,108,101,84,98,104,99,100,48,-19.5,-9.8,AS,barnesc01
8,Tyrese Maxey,25,PHI,PG,70,70,2661,.462,.525,.367,.536,.892,.588,.278,.399,98,96,102,98,114,101,105,96,-30.1,21.3,AS,maxeyty01
9,Jamal Murray,28,DEN,PG,75,75,2652,.483,.517,.435,.573,.887,.622,.287,.414,103,94,121,105,113,107,109,100,74.8,124.0,AS,murraja01
10,Derrick White,31,BOS,SG,77,77,2625,.394,.487,.327,.489,.902,.529,.184,.578,84,89,91,90,115,91,70,139,-126.2,-125.8,,whitede01
11,VJ Edgecombe,20,PHI,SG,75,75,2623,.438,.496,.354,.510,.818,.540,.176,.409,93,90,98,94,104,93,67,98,-73.1,-91.3,,edgecvj01
12,Julius Randle,31,MIN,PF,79,79,2610,.481,.547,.315,.526,.802,.585,.411,.287,102,99,88,96,102,101,156,69,-48.2,9.7,,randlju01
13,Brandon Ingram,28,TOR,SF,77,77,2604,.477,.512,.382,.529,.820,.573,.276,.274,101,93,106,97,105,99,105,66,-42.6,-24.8,AS,ingrabr01
14,Nickeil Alexander-Walker,27,ATL,SG,78,71,2603,.459,.525,.399,.564,.902,.610,.257,.526,97,95,111,103,115,105,97,127,42.9,77.4,,alexani01
15,Jalen Brunson,29,NYK,PG,74,74,2590,.467,.522,.369,.533,.841,.580,.285,.358,99,95,103,98,107,100,108,86,-36.7,-3.5,AS,brunsja01
16,Payton Pritchard,28,BOS,PG,79,50,2556,.464,.556,.377,.561,.890,.584,.125,.515,98,101,105,103,114,101,47,124,33.4,6.8,,pritcpa01
17,Kon Knueppel,20,CHO,SF,81,80,2551,.475,.548,.425,.601,.863,.633,.208,.592,101,100,118,110,110,109,79,143,120.0,121.9,,knuepko01
18,Jalen Johnson,24,ATL,SF,72,72,2532,.489,.541,.352,.537,.788,.581,.311,.278,104,98,98,98,101,100,118,67,-20.1,-2.4,AS,johnsja05
19,Dyson Daniels,22,ATL,SG,76,76,2520,.517,.576,.188,.532,.615,.542,.157,.151,110,105,52,97,79,93,60,36,-21.9,-64.9,,daniedy01
20,Paolo Banchero,23,ORL,PF,72,72,2502,.459,.507,.305,.496,.775,.566,.512,.239,97,92,85,91,99,97,194,58,-115.2,-42.4,,banchpa01
21,Donte DiVincenzo,29,MIN,SG,82,82,2494,.406,.497,.379,.552,.743,.567,.126,.771,86,90,105,101,95,98,48,186,10.8,-24.7,,divindo01
22,Jaylen Brown,29,BOS,SF,71,71,2443,.477,.523,.347,.522,.795,.573,.347,.262,101,95,96,96,102,99,132,63,-71.9,-30.4,AS,brownja02
23,James Harden,36,2TM,PG,70,70,2438,.434,.495,.375,.529,.884,.610,.467,.510,92,90,104,97,113,105,177,123,-36.5,78.0,,hardeja01
23,James Harden,36,LAC,PG,44,44,1559,.419,.492,.347,.506,.901,.598,.485,.505,89,89,96,93,115,103,184,122,-60.4,30.1,,hardeja01
23,James Harden,36,CLE,PG,26,26,879,.466,.500,.435,.580,.840,.639,.426,.523,99,91,121,106,107,110,162,126,23.9,47.9,,hardeja01
24,DeMar DeRozan,36,SAC,PF,77,77,2406,.497,.527,.320,.520,.868,.594,.429,.146,105,96,89,95,111,102,163,35,-51.8,29.9,,derozde01
25,Alperen Şengün,23,HOU,C,72,72,2398,.519,.547,.305,.537,.691,.569,.335,.117,110,100,85,98,88,98,127,28,-19.5,-32.2,AS,sengual01
26,Miles Bridges,27,CHO,PF,77,77,2387,.460,.554,.333,.531,.822,.570,.243,.427,98,101,92,97,105,98,92,103,-31.1,-27.1,,bridgmi02
27,Rudy Gobert,33,MIN,C,76,76,2380,.682,.689,.000,.682,.526,.664,.615,.010,145,125,0,125,67,114,233,2,134.2,103.5,,goberru01
28,Ryan Rollins,23,MIL,PG,74,67,2376,.472,.523,.406,.561,.796,.583,.152,.440,100,95,113,103,102,100,58,106,31.9,3.0,,rolliry01
29,Bam Adebayo,28,MIA,C,73,73,2365,.442,.509,.318,.497,.778,.551,.369,.349,94,92,88,91,99,95,140,84,-110.6,-79.8,,adebaba01
30,Cooper Flagg,19,DAL,SF,70,70,2344,.468,.513,.295,.498,.827,.548,.286,.204,99,93,82,91,106,94,109,49,-113.0,-90.4,,flaggco01
31,Donovan Mitchell,29,CLE,SG,70,70,2342,.483,.577,.364,.563,.865,.613,.306,.439,103,105,101,103,111,105,116,106,48.9,100.6,AS,mitchdo01
32,Trey Murphy III,25,NOP,SF,66,66,2341,.470,.577,.379,.572,.886,.613,.234,.538,100,105,105,105,113,105,89,130,56.1,73.2,,murphtr02
33,Brandin Podziemski,22,GSW,SG,82,43,2333,.455,.531,.371,.543,.797,.583,.278,.476,97,97,103,100,102,100,106,115,-4.1,2.7,,podzibr01
34,Karl-Anthony Towns,30,NYK,C,75,75,2322,.501,.557,.368,.556,.858,.619,.403,.297,106,101,102,102,110,106,153,72,20.8,91.1,AS,townska01
35,Jaden McDaniels,25,MIN,PF,73,73,2316,.515,.562,.412,.579,.835,.611,.218,.309,109,102,115,106,107,105,83,74,54.1,53.2,,mcdanja02
36,Onyeka Okongwu,25,ATL,C,74,63,2297,.480,.564,.376,.564,.757,.592,.235,.445,102,103,105,103,97,102,89,107,31.5,19.6,,okongon01
37,Luka Dončić,26,LAL,PG,64,64,2289,.476,.575,.366,.563,.780,.616,.443,.476,101,105,102,103,100,106,168,115,50.0,118.8,AS,doncilu01
38,Wendell Carter Jr.,26,ORL,C,78,78,2288,.512,.618,.319,.568,.792,.617,.392,.355,109,112,89,104,101,106,149,85,28.8,53.4,,cartewe01
39,Collin Gillespie,26,PHO,PG,80,58,2282,.418,.455,.401,.556,.874,.575,.103,.686,89,83,112,102,112,99,39,165,17.1,-11.6,,gilleco01
40,Bub Carrington,20,WAS,PG,82,48,2271,.424,.443,.408,.538,.730,.556,.150,.559,90,81,114,99,93,96,57,135,-11.7,-40.4,,carrica01
41,A.J. Green,26,MIL,SG,78,68,2270,.424,.469,.419,.612,.855,.627,.100,.896,90,85,116,112,109,108,38,216,81.6,58.7,,greenaj01
42,Julian Champagnie,24,SAS,SF,82,68,2266,.437,.599,.381,.578,.844,.609,.196,.743,93,109,106,106,108,105,74,179,45.1,40.8,,champju02
43,Nikola Jokić,30,DEN,C,65,65,2265,.569,.636,.380,.618,.831,.670,.424,.261,121,116,106,113,106,115,161,63,164.6,237.1,AS,jokicni01
44,CJ McCollum,34,2TM,PG,76,60,2264,.455,.519,.375,.538,.772,.566,.205,.442,97,94,104,99,99,97,78,106,-18.4,-39.1,,mccolcj01
44,CJ McCollum,34,WAS,SG,35,35,1082,.454,.505,.393,.544,.804,.573,.193,.461,96,92,109,100,103,99,73,111,-1.3,-9.3,,mccolcj01
44,CJ McCollum,34,ATL,PG,41,25,1182,.456,.529,.357,.532,.748,.560,.216,.426,97,96,99,97,96,96,82,103,-17.1,-29.8,,mccolcj01
45,Shai Gilgeous-Alexander,27,OKC,PG,68,68,2259,.553,.602,.386,.597,.879,.665,.465,.226,117,109,107,109,112,114,176,54,135.4,266.8,AS,gilgesh01
46,Matas Buzelis,21,CHI,PF,77,77,2248,.463,.583,.349,.553,.786,.586,.247,.514,98,106,97,101,100,101,94,124,14.1,10.5,,buzelma01
47,Saddiq Bey,26,NOP,SF,72,64,2246,.451,.514,.367,.529,.841,.579,.305,.426,96,93,102,97,107,100,116,103,-32.3,-4.4,,beysa01
48,Max Christie,22,DAL,SG,77,68,2244,.441,.502,.404,.566,.899,.601,.192,.615,94,91,112,104,115,103,73,148,28.8,30.9,,chrisma02
49,De'Aaron Fox,28,SAS,PG,72,72,2231,.486,.580,.332,.549,.760,.578,.235,.377,103,105,92,101,97,99,89,91,6.4,-7.3,AS,foxde01
50,Immanuel Quickley,26,TOR,PG,70,70,2231,.443,.520,.374,.541,.821,.577,.229,.526,94,95,104,99,105,99,87,127,-7.6,-8.2,,quickim01
51,Kris Dunn,31,LAC,PG,82,68,2230,.476,.559,.374,.560,.765,.581,.170,.449,101,102,104,103,98,100,64,108,13.4,-0.1,,dunnkr01
52,OG Anunoby,28,NYK,PF,67,67,2224,.484,.584,.386,.581,.828,.620,.275,.506,103,106,107,107,106,107,104,122,57.6,70.0,,anunoog01
53,Royce O'Neale,32,PHO,SF,78,67,2213,.421,.486,.408,.590,.711,.596,.061,.832,89,88,113,108,91,103,23,200,55.9,18.8,,onealro01
54,Quentin Grimes,25,PHI,SG,75,19,2206,.450,.568,.334,.534,.840,.585,.314,.503,96,103,93,98,107,101,119,121,-16.9,6.8,,grimequ01
55,Deni Avdija,25,POR,SF,66,66,2199,.462,.547,.318,.521,.802,.600,.573,.369,98,99,88,96,102,103,218,89,-52.2,48.7,AS,avdijde01
56,Naji Marshall,28,DAL,SF,74,47,2184,.510,.587,.291,.548,.760,.592,.365,.259,108,107,81,100,97,102,139,63,4.0,19.8,,marshna01
57,Cade Cunningham,24,DET,PG,64,64,2172,.461,.514,.342,.513,.812,.564,.321,.308,98,93,95,94,104,97,122,74,-76.6,-47.0,AS,cunnica01
58,Reed Sheppard,21,HOU,SG,82,21,2147,.430,.486,.394,.550,.802,.564,.091,.609,91,88,110,101,102,97,34,147,8.6,-34.0,,sheppre01
59,Devin Booker,29,PHO,SG,64,64,2146,.456,.512,.330,.507,.873,.585,.434,.309,97,93,92,93,112,101,165,74,-93.4,8.9,AS,bookede01
60,Anthony Edwards,24,MIN,SG,61,60,2137,.489,.554,.399,.572,.796,.617,.355,.418,104,101,111,105,102,106,135,101,65.6,102.0,AS,edwaran01
61,Tim Hardaway Jr.,33,DEN,SG,80,6,2127,.447,.541,.407,.591,.811,.624,.252,.706,95,98,113,108,104,107,95,170,69.9,72.9,,hardati02
62,Jaime Jaquez Jr.,24,MIA,SF,75,1,2121,.507,.555,.317,.539,.769,.570,.236,.200,108,101,88,99,98,98,90,48,-12.6,-22.5,,jaqueja01
63,Duncan Robinson,31,DET,SF,77,77,2113,.456,.605,.410,.613,.755,.629,.158,.768,97,110,114,112,96,108,60,185,94.3,71.1,,robindu01
64,Jeremiah Fears,19,NOP,PG,82,49,2112,.434,.480,.330,.485,.789,.525,.245,.304,92,87,92,89,101,90,93,73,-122.9,-126.6,,fearsje01
65,Donovan Clingan,21,POR,C,77,77,2094,.520,.621,.341,.582,.680,.604,.297,.360,110,113,95,107,87,104,113,87,49.5,34.8,,clingdo01
66,Kawhi Leonard,34,LAC,SF,65,65,2085,.505,.569,.387,.573,.892,.629,.331,.354,107,104,107,105,114,108,125,85,69.1,137.4,AS,leonaka01
67,Evan Mobley,24,CLE,PF,65,63,2074,.546,.626,.297,.582,.606,.596,.346,.243,116,114,82,107,77,103,131,59,62.6,29.2,,mobleev01
68,Andrew Wiggins,30,MIA,SF,68,68,2063,.475,.516,.414,.559,.784,.586,.197,.406,101,94,115,102,100,101,75,98,22.0,7.5,,wiggian01
69,Jake LaRavia,24,LAL,PF,82,43,2061,.459,.579,.321,.533,.763,.571,.291,.465,97,105,89,98,97,98,110,112,-12.8,-11.9,,laravja01
70,Pascal Siakam,31,IND,PF,62,62,2057,.484,.527,.358,.529,.693,.562,.327,.254,103,96,100,97,89,97,124,61,-37.5,-51.4,AS,siakapa01
71,Cason Wallace,22,OKC,SG,77,58,2046,.432,.510,.351,.518,.809,.538,.116,.493,92,93,98,95,103,92,44,119,-32.3,-53.9,,wallaca01
72,Devin Vassell,25,SAS,SG,67,65,2044,.437,.508,.384,.547,.815,.574,.172,.572,93,92,107,100,104,99,65,138,2.1,-12.4,,vassede01
73,Stephon Castle,21,SAS,PG,68,67,2038,.471,.531,.332,.521,.734,.575,.470,.299,100,96,92,95,94,99,178,72,-40.6,-13.5,,castlst01
74,Derik Queen,21,NOP,C,81,48,2023,.473,.502,.261,.489,.795,.546,.365,.118,100,91,73,90,102,94,138,28,-85.3,-61.5,,queende01
75,LaMelo Ball,24,CHO,PG,72,69,2017,.407,.464,.368,.516,.899,.546,.144,.595,86,84,102,95,115,94,55,143,-73.6,-93.1,,ballla01
76,Naz Reid,26,MIN,C,77,3,2007,.456,.556,.362,.549,.732,.565,.141,.514,97,101,101,101,93,97,54,124,5.5,-29.7,,reidna01
77,Davion Mitchell,27,MIA,PG,70,70,2000,.490,.561,.395,.574,.646,.582,.122,.428,104,102,110,105,83,100,46,103,30.3,1.0,,mitchda01
78,Bruce Brown,29,DEN,SG,82,4,1998,.475,.511,.385,.530,.762,.562,.241,.284,101,93,107,97,97,97,92,68,-16.7,-22.4,,brownbr01
79,Chet Holmgren,23,OKC,PF,69,69,1997,.557,.646,.362,.614,.792,.653,.365,.312,118,117,101,112,101,112,138,75,105.9,129.9,AS,holmgch01
80,Josh Hart,30,NYK,SF,66,52,1994,.508,.574,.413,.593,.720,.612,.211,.409,108,104,115,109,92,105,80,98,55.9,39.7,,hartjo01
81,LeBron James,41,LAL,SF,60,60,1989,.515,.586,.317,.557,.737,.594,.344,.264,109,106,88,102,94,102,130,64,20.1,25.7,AS,jamesle01
82,Ace Bailey,19,UTA,SF,72,61,1988,.443,.522,.344,.520,.750,.533,.099,.446,94,95,96,95,96,92,37,107,-46.5,-89.2,,baileac01
83,Harrison Barnes,33,SAS,PF,77,52,1986,.456,.567,.388,.577,.829,.608,.214,.623,97,103,108,106,106,105,81,150,35.5,33.5,,barneha02
84,Jalen Duren,22,DET,C,70,70,1976,.650,.650,,.650,.747,.688,.535,.000,138,118,,119,95,118,203,0,167.7,211.3,AS,durenja01
85,Brandon Miller,23,CHO,SF,65,65,1968,.435,.489,.383,.533,.892,.574,.214,.511,92,89,106,98,114,99,81,123,-27.3,-17.1,,millebr02
86,Maxime Raynaud,22,SAC,C,74,56,1964,.571,.601,.324,.589,.786,.619,.250,.110,121,109,90,108,100,106,95,27,57.7,55.8,,raynama01
87,Deandre Ayton,27,LAL,C,72,72,1958,.671,.671,,.671,.645,.676,.235,.000,142,122,,123,82,116,89,0,150.1,126.0,,aytonde01
88,Jarace Walker,22,IND,PF,76,41,1953,.419,.462,.374,.510,.749,.543,.250,.486,89,84,104,93,96,93,95,117,-52.9,-62.0,,walkeja02
89,Sam Hauser,28,BOS,PF,78,49,1934,.419,.557,.393,.584,.850,.590,.033,.839,89,101,109,107,109,101,13,202,46.1,9.9,,hausesa01
90,Rui Hachimura,27,LAL,PF,68,41,1927,.514,.570,.443,.611,.694,.620,.121,.439,109,104,123,112,89,107,46,106,78.5,49.0,,hachiru01
91,Neemias Queta,26,BOS,C,76,75,1926,.653,.662,.125,.654,.703,.674,.351,.016,139,120,35,120,90,116,133,4,108.4,106.2,,quetane01
92,Nic Claxton,26,BRK,C,69,68,1920,.571,.585,.158,.574,.616,.592,.393,.033,121,106,44,105,79,102,149,8,32.8,14.9,,claxtni01
93,Myles Turner,29,MIL,C,71,71,1912,.440,.523,.383,.553,.740,.584,.274,.594,93,95,106,101,95,101,104,143,10.0,4.3,,turnemy01
94,Keldon Johnson,26,SAS,SF,82,0,1911,.519,.601,.363,.582,.794,.613,.243,.343,110,109,101,107,101,105,92,83,57.2,55.0,,johnske04
95,Anthony Black,22,ORL,PG,64,40,1910,.447,.519,.333,.512,.732,.549,.299,.389,95,94,93,94,93,94,114,94,-52.5,-56.9,,blackan01
96,Tristan Da Silva,24,ORL,SF,77,34,1899,.450,.532,.374,.547,.884,.576,.153,.518,96,97,104,100,113,99,58,125,1.4,-7.5,,dasiltr01
97,Moussa Diabaté,24,CHO,C,73,47,1899,.631,.632,.500,.632,.659,.653,.485,.006,134,115,139,116,84,112,184,1,62.9,62.9,,diabamo01
98,Ausar Thompson,23,DET,SF,73,72,1896,.525,.537,.250,.530,.571,.545,.331,.042,111,98,70,97,73,94,126,10,-17.7,-47.7,,thompau01
99,Nique Clifford,23,SAC,SG,75,28,1882,.418,.471,.333,.482,.722,.505,.163,.388,89,86,93,88,92,87,62,93,-75.4,-97.7,,cliffni01
100,Ayo Dosunmu,26,2TM,SG,69,19,1881,.517,.563,.439,.599,.876,.630,.194,.375,110,102,122,110,112,108,74,90,79.8,79.2,,dosunay01
100,Ayo Dosunmu,26,CHI,SG,45,10,1187,.514,.556,.451,.604,.857,.636,.216,.397,109,101,125,111,109,109,82,96,56.6,58.2,,dosunay01
100,Ayo Dosunmu,26,MIN,SG,24,9,694,.521,.575,.414,.590,.925,.619,.153,.333,111,104,115,108,118,106,58,80,23.2,21.0,,dosunay01
101,John Collins,28,LAC,PF,69,56,1872,.552,.625,.406,.620,.766,.643,.234,.332,117,114,113,114,98,111,89,80,97.8,89.9,,collijo01
102,Draymond Green,35,GSW,PF,68,68,1869,.418,.575,.326,.520,.702,.540,.171,.631,89,104,91,95,90,93,65,152,-24.8,-43.9,,greendr01
103,Victor Wembanyama,22,SAS,C,64,55,1866,.512,.590,.349,.569,.827,.626,.417,.324,109,107,97,104,106,108,158,78,49.4,113.9,AS,wembavi01
104,Russell Westbrook,37,SAC,SF,64,58,1853,.427,.500,.338,.503,.694,.528,.218,.452,91,91,94,92,89,91,83,109,-71.6,-98.2,,westbru01
105,Jamal Shead,23,TOR,PG,82,12,1852,.367,.417,.321,.450,.784,.491,.230,.520,78,76,89,83,100,84,87,125,-96.0,-100.4,,sheadja01
106,Pelle Larsson,24,MIA,SG,70,54,1849,.496,.586,.323,.551,.797,.605,.413,.343,105,107,90,101,102,104,157,83,6.0,31.8,,larsspe01
107,Luguentz Dort,26,OKC,SF,69,69,1849,.385,.487,.344,.508,.759,.524,.111,.710,82,89,96,93,97,90,42,171,-39.8,-63.0,,dortlu01
108,Sion James,23,CHO,SG,82,19,1843,.371,.404,.352,.483,.837,.531,.263,.634,79,74,98,88,107,91,100,153,-47.0,-41.7,,jamessi01
109,Zion Williamson,25,NOP,PF,62,55,1841,.600,.601,.250,.600,.716,.644,.576,.005,127,109,70,110,91,111,219,1,88.3,125.7,,willizi01
110,Jaylen Wells,22,MEM,SG,69,69,1821,.431,.517,.353,.524,.784,.559,.245,.523,92,94,98,96,100,96,93,126,-30.7,-34.1,,wellsja01
111,Nikola Vučević,35,2TM,C,64,49,1818,.493,.557,.369,.556,.828,.574,.116,.339,105,101,103,102,106,99,44,82,16.0,-11.7,,vucevni01
111,Nikola Vučević,35,CHI,C,48,48,1480,.505,.568,.376,.567,.838,.585,.112,.330,107,103,105,104,107,101,43,80,27.7,4.7,,vucevni01
111,Nikola Vučević,35,BOS,C,16,1,338,.439,.500,.340,.504,.789,.526,.137,.381,93,91,94,92,101,90,52,92,-11.7,-16.4,,vucevni01
112,Oso Ighodaro,23,PHO,PF,82,24,1808,.653,.655,.000,.653,.453,.636,.320,.003,139,119,0,120,58,109,121,1,78.6,45.6,,ighodos01
113,Kyle Kuzma,30,MIL,PF,69,43,1806,.492,.569,.347,.552,.726,.581,.270,.347,104,103,97,101,93,100,102,84,9.1,-0.3,,kuzmaky01
114,Kyle Filipowski,22,UTA,C,77,41,1801,.492,.580,.325,.548,.750,.586,.323,.347,104,106,90,100,96,101,122,84,3.0,6.6,,filipky01
115,Andrew Nembhard,26,IND,PG,57,57,1786,.442,.495,.361,.513,.825,.564,.311,.393,94,90,101,94,105,97,118,95,-48.8,-29.3,,nembhan01
116,Keyonte George,22,UTA,PG,54,54,1786,.456,.515,.371,.532,.892,.609,.429,.410,97,94,103,98,114,105,163,99,-23.4,57.2,,georgke01
117,Noah Clowney,21,BRK,PF,66,60,1780,.396,.506,.329,.498,.804,.554,.355,.621,84,92,92,91,103,95,135,150,-59.6,-39.3,,clownno01
118,Jaylon Tyson,23,CLE,SG,66,42,1777,.493,.530,.446,.592,.738,.608,.160,.445,105,96,124,108,94,105,61,107,61.8,38.2,,tysonja01
119,Marcus Smart,31,LAL,SG,62,54,1769,.395,.497,.331,.497,.822,.543,.271,.616,84,90,92,91,105,93,103,148,-46.5,-40.5,,smartma01
120,Brice Sensabaugh,22,UTA,SF,75,22,1762,.460,.559,.367,.554,.826,.590,.235,.516,98,102,102,102,105,102,89,124,14.7,16.6,,sensabr01
121,Austin Reaves,27,LAL,SG,51,45,1762,.490,.588,.360,.567,.871,.641,.487,.430,104,107,100,104,111,110,185,104,32.4,111.1,,reaveau01
122,Tre Jones,26,CHI,PG,65,41,1752,.553,.616,.315,.586,.841,.637,.368,.211,117,112,88,107,107,110,140,51,49.7,80.4,,jonestr01
123,Sandro Mamukelashvili,26,TOR,C,80,13,1751,.523,.642,.389,.614,.747,.637,.250,.469,111,117,108,113,95,110,95,113,86.4,78.4,,mamuksa01
124,Tobias Harris,33,DET,PF,63,63,1746,.469,.521,.368,.531,.866,.574,.238,.338,100,95,102,97,111,99,90,82,-19.2,-10.6,,harrito02
125,Precious Achiuwa,26,SAC,C,73,57,1745,.528,.577,.278,.551,.554,.558,.232,.162,112,105,77,101,71,96,88,39,6.4,-30.5,,achiupr01
126,P.J. Washington,27,DAL,PF,56,53,1736,.450,.519,.325,.508,.687,.537,.277,.356,96,94,90,93,88,92,105,86,-50.1,-65.2,,washipj01
127,Josh Giddey,23,CHI,PG,54,51,1731,.448,.502,.364,.520,.763,.562,.318,.395,95,91,101,95,97,97,121,95,-37.5,-31.4,,giddejo01
128,RJ Barrett,25,TOR,SF,57,57,1726,.491,.572,.339,.550,.717,.585,.342,.347,104,104,94,101,92,101,130,84,7.5,6.4,,barrerj01
129,Jay Huff,27,IND,C,82,47,1719,.476,.723,.319,.574,.828,.598,.162,.610,101,131,89,105,106,103,61,147,34.2,21.9,,huffja01
130,Norman Powell,32,MIA,SG,58,52,1717,.470,.546,.380,.558,.827,.609,.355,.458,100,99,106,102,106,105,135,110,21.3,57.6,AS,powelno01
131,Cam Spencer,25,MEM,SG,72,20,1714,.473,.506,.449,.604,.940,.649,.241,.585,100,92,125,111,120,112,91,141,65.2,82.9,,spencca01
132,Kel'el Ware,21,MIA,C,77,34,1704,.530,.606,.395,.601,.740,.616,.148,.359,113,110,110,110,94,106,56,86,71.7,47.2,,wareke01
133,Dillon Brooks,30,PHO,SF,56,56,1702,.435,.492,.344,.501,.842,.540,.211,.385,92,89,96,92,108,93,80,93,-85.6,-87.5,,brookdi01
134,Dennis Schröder,32,2TM,PG,70,17,1697,.405,.449,.329,.465,.834,.526,.326,.362,86,82,91,85,107,90,124,87,-101.4,-80.3,,schrode01
134,Dennis Schröder,32,SAC,PG,40,14,1056,.408,.449,.343,.475,.820,.531,.315,.393,87,82,95,87,105,91,120,95,-59.5,-48.8,,schrode01
134,Dennis Schröder,32,CLE,PG,30,3,641,.401,.448,.290,.444,.861,.515,.348,.300,85,81,81,81,110,89,132,72,-41.9,-31.5,,schrode01
135,Isaac Okoro,25,CHI,SG,63,62,1695,.460,.580,.330,.539,.795,.574,.244,.481,98,105,92,99,102,99,93,116,-5.9,-7.0,,okorois01
136,Jerami Grant,31,POR,PF,57,38,1695,.453,.513,.389,.547,.814,.608,.441,.479,96,93,108,100,104,105,167,116,1.3,46.4,,grantje01
137,Dominick Barlow,22,PHI,PF,71,59,1689,.539,.612,.256,.565,.718,.597,.328,.206,114,111,71,104,92,103,125,50,15.6,14.0,,barlodo01
138,Michael Porter Jr.,27,BRK,SF,52,52,1689,.463,.567,.363,.555,.859,.595,.237,.506,98,103,101,102,110,102,90,122,18.5,28.9,,portemi01
139,Luke Kennard,29,2TM,SG,78,6,1681,.533,.601,.478,.665,.913,.689,.156,.553,113,109,133,122,117,118,59,133,105.6,101.6,,kennalu01
139,Luke Kennard,29,ATL,SG,46,0,944,.538,.604,.497,.692,.914,.713,.146,.621,114,110,138,127,117,123,55,150,70.1,67.0,,kennalu01
139,Luke Kennard,29,LAL,SG,32,6,737,.527,.598,.448,.633,.912,.661,.167,.473,112,109,125,116,116,114,64,114,35.5,34.6,,kennalu01
140,Cameron Johnson,29,DEN,SF,54,54,1647,.480,.539,.430,.596,.839,.629,.236,.539,102,98,119,109,107,108,89,130,47.6,50.4,,johnsca02
141,Brook Lopez,37,LAC,C,75,40,1635,.428,.524,.360,.533,.757,.552,.137,.585,91,95,100,98,97,95,52,141,-13.5,-34.1,,lopezbr01
142,Will Riley,19,WAS,SF,74,18,1633,.439,.520,.316,.502,.800,.548,.291,.400,93,95,88,92,102,94,110,96,-54.4,-46.7,,rileywi01
143,Cody Williams,21,UTA,SG,67,41,1631,.468,.556,.214,.495,.706,.524,.234,.257,99,101,59,91,90,90,89,62,-51.5,-64.8,,willico04
144,Bennedict Mathurin,23,2TM,SF,54,25,1620,.430,.492,.315,.485,.869,.575,.496,.352,91,89,88,89,111,99,188,85,-81.8,-10.1,,mathube01
144,Bennedict Mathurin,23,IND,SF,28,24,891,.433,.480,.372,.514,.884,.589,.408,.436,92,87,103,94,113,101,155,105,-22.7,6.0,,mathube01
144,Bennedict Mathurin,23,LAC,SF,26,1,729,.426,.502,.207,.453,.858,.561,.596,.257,91,91,58,83,110,97,226,62,-59.1,-16.1,,mathube01
145,Bobby Portis,30,MIL,PF,67,9,1619,.488,.509,.456,.578,.706,.587,.091,.395,104,93,127,106,90,101,34,95,48.5,8.1,,portibo01
146,Collin Sexton,27,2TM,SG,68,22,1614,.485,.536,.401,.561,.855,.615,.344,.376,103,97,112,103,109,106,130,91,22.2,56.7,,sextoco01
146,Collin Sexton,27,CHO,SG,42,12,938,.488,.539,.393,.557,.877,.619,.372,.350,104,98,109,102,112,106,141,84,9.2,35.8,,sextoco01
146,Collin Sexton,27,CHI,SG,26,10,676,.482,.531,.410,.566,.822,.609,.308,.409,102,97,114,104,105,105,117,98,13.0,20.9,,sextoco01
147,Cedric Coward,22,MEM,SG,62,47,1598,.471,.568,.338,.542,.843,.585,.256,.424,100,103,94,99,108,101,97,102,-4.2,4.6,,cowarce01
148,Peyton Watson,23,DEN,SF,54,40,1598,.491,.531,.411,.560,.730,.594,.325,.339,104,97,114,103,93,102,123,82,16.9,16.7,,watsope01
149,Herbert Jones,27,NOP,SF,56,56,1588,.383,.470,.309,.467,.806,.491,.130,.542,81,86,86,85,103,84,49,131,-75.6,-91.5,,joneshe01
150,Jalen Suggs,24,ORL,PG,57,56,1574,.435,.554,.339,.529,.855,.561,.180,.555,92,101,94,97,109,96,68,134,-22.3,-28.5,,suggsja01
151,Kelly Oubre Jr.,30,PHI,SF,50,41,1574,.467,.551,.360,.546,.766,.580,.267,.439,99,100,100,100,98,100,101,106,0.3,-1.8,,oubreke01
152,Jordan Goodwin,27,PHO,PG,70,10,1572,.413,.462,.371,.514,.696,.525,.101,.544,88,84,103,94,89,90,38,131,-35.7,-65.0,,goodwjo01
153,Jrue Holiday,35,POR,PG,53,51,1560,.451,.527,.378,.548,.838,.573,.148,.511,96,96,105,100,107,99,56,123,3.3,-13.1,,holidjr01
154,Dylan Harper,19,SAS,SG,69,4,1558,.505,.565,.343,.551,.756,.574,.181,.271,107,103,95,101,97,99,69,65,7.1,-10.7,,harpedy01
155,Ron Holland,20,DET,SF,78,5,1551,.432,.535,.253,.478,.805,.525,.274,.364,92,97,70,88,103,90,104,88,-73.7,-68.8,,hollaro01
156,Tari Eason,24,HOU,PF,60,34,1549,.416,.463,.358,.496,.776,.514,.116,.448,88,84,99,91,99,88,44,108,-58.0,-81.7,,easonta01
157,Kevin Huerter,27,2TM,SF,69,14,1549,.451,.624,.308,.535,.775,.552,.119,.545,96,113,86,98,99,95,45,131,-12.4,-36.3,,huertke01
157,Kevin Huerter,27,CHI,SF,44,11,1037,.455,.630,.314,.542,.732,.559,.139,.552,97,115,87,99,94,96,53,133,-2.9,-19.4,,huertke01
157,Kevin Huerter,27,DET,SG,25,3,512,.443,.611,.294,.521,.933,.539,.078,.531,94,111,82,95,119,93,30,128,-9.5,-16.9,,huertke01
158,Moses Moody,23,GSW,SG,60,49,1540,.440,.522,.401,.575,.770,.600,.203,.677,93,95,111,105,98,103,77,163,33.1,22.5,,moodymo01
159,Terance Mann,29,BRK,SG,63,51,1529,.457,.523,.364,.533,.788,.564,.217,.418,97,95,101,98,101,97,82,101,-9.6,-13.8,,mannte01
160,Jarrett Allen,27,CLE,C,56,56,1519,.638,.649,.100,.639,.709,.669,.494,.019,136,118,28,117,91,115,188,5,98.8,112.5,,allenja01
161,Isaiah Collier,21,UTA,PG,59,19,1517,.495,.549,.270,.521,.722,.567,.406,.194,105,100,75,96,92,97,154,47,-25.0,-17.8,,colliis01
162,Isaiah Joe,26,OKC,SG,71,9,1507,.455,.574,.423,.622,.894,.657,.227,.788,97,104,118,114,114,113,86,190,82.4,90.7,,joeis01
163,Jock Landale,30,2TM,C,68,27,1506,.515,.586,.383,.582,.635,.595,.230,.352,109,107,107,107,81,102,87,85,40.0,16.3,,landajo01
163,Jock Landale,30,MEM,C,45,25,1060,.514,.581,.380,.577,.674,.594,.229,.332,109,106,106,106,86,102,87,80,24.5,11.1,,landajo01
163,Jock Landale,30,ATL,C,23,2,446,.516,.600,.391,.594,.541,.596,.233,.403,109,109,109,109,69,103,88,97,15.5,5.2,,landajo01
164,Zaccharie Risacher,20,ATL,SF,67,46,1503,.455,.536,.368,.544,.644,.557,.168,.481,97,97,102,100,82,96,64,116,-1.9,-28.3,,risacza01
165,Klay Thompson,35,DAL,SF,69,8,1497,.393,.418,.383,.532,.766,.541,.065,.724,83,76,107,97,98,93,24,174,-20.5,-60.6,,thompkl01
166,Ryan Kalkbrenner,24,CHO,C,69,31,1479,.753,.766,.000,.753,.716,.762,.399,.017,160,139,0,138,91,131,151,4,120.4,123.3,,kalkbry01
167,Keon Ellis,26,2TM,SG,72,11,1478,.440,.586,.363,.559,.729,.579,.182,.654,93,107,101,102,93,100,69,157,9.9,-2.3,,elliske01
167,Keon Ellis,26,SAC,SG,43,5,758,.397,.462,.368,.524,.625,.536,.153,.689,84,84,102,96,80,92,58,166,-9.1,-20.4,,elliske01
167,Keon Ellis,26,CLE,SG,29,6,720,.491,.706,.355,.600,.816,.629,.217,.611,104,128,99,110,104,108,82,147,19.0,18.1,,elliske01
168,Ja'Kobe Walter,21,TOR,SG,72,19,1474,.446,.519,.409,.582,.789,.610,.223,.666,95,94,114,107,101,105,85,160,29.1,25.2,,walteja01
169,Patrick Williams,24,CHI,PF,72,6,1474,.372,.407,.347,.472,.720,.494,.157,.573,79,74,96,86,92,85,60,138,-70.6,-89.2,,willipa01
170,Ajay Mitchell,23,OKC,SG,57,16,1473,.485,.543,.347,.536,.870,.585,.275,.298,103,99,96,98,111,101,104,72,-10.9,5.1,,mitchaj01
171,Shaedon Sharpe,22,POR,SG,50,42,1471,.452,.514,.337,.511,.787,.546,.227,.353,96,93,94,94,101,94,86,85,-60.3,-68.1,,sharpsh01
172,Bilal Coulibaly,21,WAS,SG,56,56,1468,.425,.490,.319,.485,.746,.531,.327,.377,90,89,89,89,95,91,124,91,-65.4,-62.6,,coulibi01
173,Grayson Allen,30,PHO,SG,51,27,1467,.403,.519,.349,.522,.857,.568,.252,.682,86,94,97,96,109,98,96,164,-30.9,-20.5,,allengr01
174,Brandon Williams,26,DAL,PG,66,15,1463,.472,.552,.232,.501,.793,.572,.493,.251,100,100,65,92,101,98,187,61,-55.3,-14.0,,willibr03
175,Daniss Jenkins,24,DET,PG,72,19,1455,.408,.426,.374,.473,.832,.525,.283,.343,87,77,104,87,106,90,108,83,-82.9,-71.8,,jenkida01
176,Jaren Jackson Jr.,26,2TM,C,48,48,1454,.476,.533,.357,.534,.803,.576,.282,.327,101,97,99,98,103,99,107,79,-16.7,-9.0,,jacksja02
176,Jaren Jackson Jr.,26,MEM,C,45,45,1382,.475,.531,.359,.534,.797,.574,.279,.328,101,97,100,98,102,99,106,79,-16.2,-10.8,,jacksja02
176,Jaren Jackson Jr.,26,UTA,C,3,3,72,.490,.559,.333,.541,.875,.598,.327,.306,104,102,93,99,112,103,124,74,-0.5,1.8,,jacksja02
177,Javonte Green,32,DET,SG,82,6,1446,.447,.545,.381,.560,.840,.607,.302,.597,95,99,106,103,107,104,115,144,12.2,23.6,,greenja02
178,Ivica Zubac,28,2TM,C,48,47,1446,.598,.598,,.598,.711,.622,.295,.000,127,109,,110,91,107,112,0,50.0,43.9,,zubaciv01
178,Ivica Zubac,28,LAC,C,43,42,1328,.613,.613,,.613,.705,.635,.308,.000,130,111,,112,90,109,117,0,57.8,52.6,,zubaciv01
178,Ivica Zubac,28,IND,C,5,5,118,.472,.472,,.472,.800,.505,.189,.000,100,86,,86,102,87,72,0,-7.8,-8.7,,zubaciv01
179,Tre Johnson,19,WAS,SG,60,42,1443,.419,.479,.358,.508,.874,.535,.134,.496,89,87,100,93,112,92,51,120,-49.1,-63.8,,johnstr03
180,Lauri Markkanen,28,UTA,PF,42,42,1443,.477,.559,.355,.548,.896,.608,.333,.402,101,102,99,101,114,105,126,97,4.5,49.8,,markkla01
181,Khris Middleton,34,2TM,SF,63,50,1439,.420,.452,.360,.482,.875,.533,.252,.344,89,82,100,88,112,92,96,83,-68.3,-57.5,,middlkh01
181,Khris Middleton,34,WAS,SF,34,34,827,.433,.483,.333,.488,.841,.531,.230,.330,92,88,93,89,107,91,87,80,-34.4,-33.1,,middlkh01
181,Khris Middleton,34,DAL,SF,29,16,612,.404,.412,.391,.475,.910,.536,.279,.363,86,75,109,87,116,92,106,87,-33.9,-24.4,,middlkh01
182,Sidy Cissoko,21,POR,SF,75,26,1435,.398,.544,.298,.487,.659,.514,.263,.593,85,99,83,89,84,88,100,143,-39.5,-50.4,,cissosi01
183,Luke Kornet,30,SAS,C,68,25,1430,.643,.643,,.643,.825,.689,.419,.000,137,117,,118,105,119,159,0,53.2,69.4,,kornelu01
184,Baylor Scheierman,25,BOS,SG,77,20,1429,.453,.600,.399,.599,.903,.616,.093,.730,96,109,111,110,115,106,35,176,35.6,23.9,,scheiba01
185,Spencer Jones,24,DEN,SF,64,37,1417,.504,.636,.396,.613,.608,.619,.195,.550,107,116,110,112,78,106,74,132,35.1,21.3,,jonessp01
186,Mark Williams,24,PHO,C,60,55,1416,.644,.643,1.000,.645,.771,.680,.400,.002,137,117,278,118,99,117,152,1,87.0,101.2,,willima07
187,Aaron Wiggins,27,OKC,SG,65,21,1414,.431,.508,.356,.521,.736,.538,.134,.504,91,92,99,95,94,93,51,121,-26.9,-49.1,,wiggiaa01
188,Walter Clayton,22,2TM,PG,69,6,1410,.384,.470,.307,.465,.901,.523,.262,.529,82,85,85,85,115,90,100,128,-74.1,-60.0,,claytwa01
188,Walter Clayton,22,UTA,PG,45,0,811,.398,.513,.308,.484,.935,.540,.242,.559,85,93,86,89,119,93,92,135,-31.4,-23.4,,claytwa01
188,Walter Clayton,22,MEM,PG,24,6,599,.366,.423,.307,.441,.864,.502,.288,.493,78,77,85,81,110,86,109,119,-42.7,-36.6,,claytwa01
189,Christian Braun,24,DEN,SG,44,44,1399,.519,.646,.301,.575,.782,.607,.260,.368,110,118,84,105,100,104,99,89,22.5,22.0,,braunch01
190,Gui Santos,23,GSW,PF,68,30,1395,.500,.639,.351,.585,.725,.609,.261,.483,106,116,98,107,93,105,99,116,36.0,28.7,,santogu01
191,Vít Krejčí,25,2TM,PG,65,8,1392,.448,.634,.390,.597,.745,.609,.119,.765,95,115,109,109,95,105,45,184,43.9,25.0,,krejcvi01
191,Vít Krejčí,25,ATL,PG,46,8,1028,.464,.609,.423,.628,.750,.639,.117,.776,99,111,118,115,96,110,44,187,50.9,37.4,,krejcvi01
191,Vít Krejčí,25,POR,PG,19,0,364,.405,.688,.303,.517,.733,.533,.124,.736,86,125,84,95,94,92,47,177,-7.0,-12.4,,krejcvi01
192,Kyshawn George,22,WAS,SF,48,48,1391,.438,.486,.381,.524,.802,.559,.227,.451,93,88,106,96,102,96,86,109,-24.7,-28.0,,georgky01
193,Ben Sheppard,24,IND,SG,65,20,1390,.434,.542,.362,.543,.765,.561,.132,.599,92,99,101,99,98,96,50,144,-2.3,-17.1,,sheppbe01
194,Justin Champagnie,24,WAS,SF,69,19,1377,.502,.605,.319,.560,.784,.589,.221,.359,107,110,89,103,100,101,84,87,12.8,7.6,,champju01
195,Will Richard,23,GSW,SG,69,21,1377,.468,.679,.335,.571,.852,.596,.156,.613,99,123,93,105,109,103,59,148,17.4,11.0,,richawi02
196,Gary Trent Jr.,27,MIL,SG,65,21,1377,.387,.458,.360,.517,.769,.533,.110,.723,82,83,100,95,98,92,42,174,-27.2,-47.6,,trentga02
197,Sam Merrill,29,CLE,SG,52,38,1377,.461,.596,.421,.624,.855,.644,.143,.775,98,108,117,114,109,111,54,187,75.8,64.9,,merrisa01
198,Anfernee Simons,26,2TM,SG,55,5,1372,.440,.517,.385,.552,.896,.576,.119,.585,93,94,107,101,114,99,45,141,8.8,-7.9,,simonan01
198,Anfernee Simons,26,BOS,SG,49,0,1202,.440,.502,.395,.555,.889,.579,.127,.579,93,91,110,102,114,100,48,140,10.1,-3.3,,simonan01
198,Anfernee Simons,26,CHI,SG,6,5,170,.438,.633,.320,.538,1.000,.554,.063,.625,93,115,89,99,128,95,24,151,-1.3,-4.6,,simonan01
199,Jose Alvarado,27,2TM,PG,69,3,1370,.416,.531,.352,.529,.761,.543,.102,.639,88,97,98,97,97,93,39,154,-15.0,-35.7,,alvarjo01
199,Jose Alvarado,27,NOP,PG,41,0,896,.418,.540,.363,.543,.833,.558,.086,.689,89,98,101,99,106,96,33,166,-1.6,-13.9,,alvarjo01
199,Jose Alvarado,27,NYK,PG,28,3,474,.414,.520,.330,.506,.682,.520,.130,.556,88,95,92,93,87,90,49,134,-13.4,-21.8,,alvarjo01
200,Malik Monk,27,SAC,SG,62,3,1364,.438,.481,.395,.536,.879,.568,.169,.497,93,87,110,98,112,98,64,120,-11.7,-17.6,,monkma01
201,Ryan Dunn,23,PHO,SF,70,16,1355,.453,.560,.331,.530,.489,.532,.130,.467,96,102,92,97,63,91,49,112,-11.1,-38.0,,dunnry01
202,Josh Okogie,27,HOU,SG,78,32,1354,.425,.474,.385,.531,.594,.544,.235,.548,90,86,107,97,76,94,89,132,-8.8,-24.2,,okogijo01
203,Kobe Sanders,23,LAC,SG,68,16,1351,.466,.527,.408,.570,.826,.597,.180,.510,99,96,113,105,106,103,68,123,18.9,13.2,,sandeko01
204,Derrick Jones Jr.,28,LAC,SF,50,45,1350,.499,.593,.359,.571,.763,.600,.245,.404,106,108,100,105,98,103,93,97,19.4,15.7,,jonesde02
205,Darius Garland,26,2TM,PG,45,43,1344,.460,.514,.396,.551,.861,.582,.182,.458,98,93,110,101,110,100,69,110,6.7,1.2,,garlada01
205,Darius Garland,26,CLE,PG,26,26,792,.451,.521,.360,.529,.861,.567,.210,.435,96,95,100,97,110,98,79,105,-12.4,-11.8,,garlada01
205,Darius Garland,26,LAC,PG,19,17,552,.471,.503,.438,.578,.860,.602,.146,.488,100,92,122,106,110,104,55,118,19.1,13.0,,garlada01
206,Aaron Nesmith,26,IND,SF,45,42,1335,.414,.455,.379,.517,.829,.554,.217,.541,88,83,105,95,106,95,82,130,-29.8,-31.1,,nesmiaa01
207,Kris Murray,25,POR,SF,57,15,1333,.467,.617,.279,.529,.684,.550,.207,.442,99,112,77,97,87,95,78,106,-9.2,-19.1,,murrakr01
208,Stephen Curry,37,GSW,PG,43,41,1329,.468,.584,.393,.587,.923,.637,.277,.606,99,106,109,108,118,110,105,146,66.0,99.8,AS,curryst01
209,Jordan Miller,26,LAC,SF,60,1,1325,.531,.602,.345,.579,.777,.628,.439,.276,113,109,96,106,99,108,166,66,26.6,44.5,,millejo02
210,Drake Powell,20,BRK,SG,63,24,1320,.402,.528,.280,.473,.896,.521,.215,.508,85,96,78,87,114,90,82,122,-51.7,-47.7,,poweldr01
211,Jericho Sims,27,MIL,C,67,19,1318,.784,.784,,.784,.620,.772,.384,.000,166,142,,144,79,133,146,0,88.1,82.6,,simsje01
212,Dean Wade,29,CLE,PF,59,38,1318,.439,.622,.362,.567,.711,.580,.137,.705,93,113,101,104,91,100,52,170,11.6,-0.7,,wadede01
213,Isaiah Stewart,24,DET,C,58,13,1317,.550,.642,.333,.600,.756,.632,.326,.299,117,117,93,110,97,109,124,72,43.3,46.5,,stewais01
214,Egor Dёmin,19,BRK,PG,52,45,1308,.399,.433,.385,.537,.831,.561,.145,.717,85,79,107,98,106,97,55,173,-8.0,-19.4,,demineg01
215,Alex Sarr,20,WAS,C,48,48,1305,.482,.526,.333,.520,.692,.544,.223,.229,102,96,93,95,88,93,84,55,-33.9,-54.5,,sarral01
216,Yves Missi,21,NOP,C,66,14,1297,.544,.546,.000,.544,.559,.556,.347,.003,116,99,0,100,71,96,132,1,-0.8,-17.1,,missiyv01
217,Nicolas Batum,37,LAC,PF,74,6,1295,.403,.400,.404,.597,.818,.603,.046,.958,86,73,112,109,105,104,18,231,24.3,10.6,,batumni01
218,Ziaire Williams,24,BRK,SF,56,13,1281,.425,.538,.343,.524,.850,.579,.323,.580,90,98,95,96,109,100,123,140,-18.5,-2.1,,willizi02
219,Jordan Clarkson,33,NYK,SG,72,1,1279,.451,.535,.327,.517,.830,.548,.179,.407,96,97,91,95,106,94,68,98,-30.0,-37.7,,clarkjo01
220,Jaylin Williams,23,OKC,PF,65,11,1277,.423,.531,.383,.563,.793,.597,.261,.727,90,97,106,103,101,103,99,175,11.9,12.6,,willija07
221,Kevin Porter Jr.,25,MIL,PG,38,36,1261,.465,.520,.322,.510,.878,.567,.304,.278,99,95,89,93,112,98,115,67,-36.9,-16.5,,porteke02
222,Coby White,25,2TM,SG,50,26,1249,.446,.534,.362,.539,.817,.595,.387,.510,95,97,101,99,104,102,147,123,-8.9,20.2,,whiteco01
222,Coby White,25,CHI,SG,29,26,843,.438,.541,.346,.529,.805,.586,.392,.529,93,98,96,97,103,101,149,128,-12.9,4.2,,whiteco01
222,Coby White,25,CHO,SG,21,0,406,.461,.525,.391,.554,.839,.611,.378,.478,98,95,109,102,107,105,144,115,4.0,16.0,,whiteco01
223,Collin Murray-Boyles,20,TOR,PF,57,22,1246,.579,.620,.340,.604,.657,.621,.316,.146,123,113,95,111,84,107,120,35,39.8,31.1,,murraco01
224,Nolan Traoré,19,BRK,PG,56,31,1243,.380,.422,.318,.444,.787,.479,.196,.401,81,77,88,81,101,82,74,97,-97.7,-106.1,,traorno01
225,Adem Bona,22,PHI,C,71,18,1234,.595,.603,.333,.600,.708,.638,.514,.027,126,110,93,110,90,110,195,7,23.9,30.4,,bonaad01
226,Andre Drummond,32,PHI,C,63,25,1231,.472,.514,.356,.519,.631,.539,.249,.267,100,93,99,95,81,93,95,64,-17.8,-31.8,,drumman01
227,Pat Spencer,29,GSW,PG,66,14,1229,.427,.470,.357,.495,.772,.516,.131,.385,91,85,99,91,99,89,50,93,-43.8,-60.1,,spencpa01
228,Zach LaVine,30,SAC,SG,39,37,1224,.479,.556,.390,.569,.880,.614,.260,.464,102,101,108,104,112,106,98,112,26.1,39.3,,lavinza01
229,Jordan Walsh,21,BOS,PF,68,25,1212,.509,.620,.384,.599,.772,.623,.213,.468,108,113,107,110,99,107,81,113,28.6,24.4,,walshjo01
230,Jaxson Hayes,25,LAL,C,66,9,1207,.756,.753,1.000,.761,.653,.758,.573,.011,160,137,278,140,83,130,217,3,113.1,115.6,,hayesja02
231,Joel Embiid,31,PHI,C,38,38,1201,.489,.535,.333,.527,.854,.605,.481,.228,104,97,93,97,109,104,182,55,-25.6,39.1,,embiijo01
232,Marvin Bagley III,26,2TM,PF,60,12,1201,.618,.641,.462,.647,.660,.661,.350,.127,131,116,128,119,84,114,133,30,83.4,75.4,,baglema01
232,Marvin Bagley III,26,WAS,PF,38,8,731,.626,.643,.421,.642,.711,.667,.394,.077,133,117,117,118,91,115,150,19,47.5,49.3,,baglema01
232,Marvin Bagley III,26,DAL,PF,22,4,470,.606,.636,.485,.655,.553,.652,.285,.200,129,116,135,120,71,112,108,48,35.9,26.1,,baglema01
233,Santi Aldama,25,MEM,PF,43,11,1198,.479,.572,.350,.553,.667,.572,.239,.420,102,104,97,101,85,98,91,101,6.5,-9.8,,aldamsa01
234,Daniel Gafford,27,DAL,C,55,44,1195,.655,.655,,.655,.683,.677,.509,.000,139,119,,120,87,116,193,0,69.1,74.2,,gaffoda01
235,Danny Wolf,21,BRK,PF,57,15,1187,.405,.480,.322,.482,.771,.521,.248,.480,86,87,90,88,98,90,94,116,-56.2,-59.4,,wolfda01
236,Jimmy Butler,36,GSW,SF,38,38,1182,.519,.552,.376,.554,.864,.646,.621,.184,110,100,105,102,110,111,236,44,7.8,75.9,,butleji01
237,Mouhamed Gueye,23,ATL,PF,77,8,1179,.452,.569,.308,.521,.645,.539,.214,.448,96,103,86,95,82,93,81,108,-14.5,-26.9,,gueyemo02
238,GG Jackson II,21,MEM,PF,55,28,1178,.496,.595,.332,.558,.742,.591,.294,.375,105,108,92,102,95,102,111,90,13.1,11.1,,jacksgg01
239,Bones Hyland,25,MIN,PG,71,3,1177,.453,.568,.388,.577,.780,.599,.175,.639,96,103,108,106,100,103,66,154,29.3,17.9,,hylanbo01
240,De'Andre Hunter,28,2TM,SF,45,25,1176,.415,.522,.305,.490,.867,.545,.285,.491,88,95,85,90,111,94,108,118,-55.7,-40.8,,huntede01
240,De'Andre Hunter,28,CLE,SF,43,23,1125,.423,.535,.308,.499,.869,.553,.284,.492,90,97,86,91,111,95,108,118,-45.0,-30.6,,huntede01
240,De'Andre Hunter,28,SAC,SF,2,2,51,.211,.200,.222,.263,.833,.347,.316,.474,45,36,62,48,106,60,120,114,-10.7,-10.2,,huntede01
241,Mitchell Robinson,27,NYK,C,60,16,1175,.723,.723,,.723,.408,.676,.500,.000,154,131,,133,52,116,190,0,73.2,47.8,,robinmi01
242,Simone Fontecchio,30,MIA,SF,70,9,1173,.412,.497,.375,.542,.843,.579,.217,.696,87,90,104,99,108,100,82,168,-3.0,-2.9,,fontesi01
243,Ryan Nembhard,22,DAL,PG,60,27,1171,.415,.447,.356,.477,.806,.492,.079,.346,88,81,99,87,103,85,30,83,-53.6,-72.4,,nembhry01
244,Landry Shamet,28,NYK,SG,51,12,1171,.437,.554,.392,.578,.711,.598,.209,.723,93,101,109,106,91,103,79,174,23.8,12.9,,shamela01
245,Day'Ron Sharpe,24,BRK,C,62,7,1160,.601,.647,.231,.614,.678,.638,.427,.110,128,118,64,112,87,110,162,26,48.5,48.3,,sharpda01
246,Jared McCain,21,2TM,SG,67,3,1160,.425,.471,.385,.528,.864,.551,.123,.535,90,86,107,97,110,95,47,129,-16.8,-30.3,,mccaija01
246,Jared McCain,21,PHI,SG,37,1,620,.385,.393,.378,.483,.880,.506,.108,.515,82,71,105,88,112,87,41,124,-29.1,-36.4,,mccaija01
246,Jared McCain,21,OKC,SG,30,2,540,.462,.550,.391,.570,.853,.593,.137,.554,98,100,109,105,109,102,52,134,12.3,6.1,,mccaija01
247,Quinten Post,25,GSW,PF,67,35,1159,.440,.617,.336,.546,.791,.560,.098,.631,93,112,93,100,101,96,37,152,-0.1,-19.5,,postqu01
248,Svi Mykhailiuk,28,UTA,SF,50,41,1156,.478,.615,.408,.613,.893,.626,.077,.663,101,112,114,112,114,108,29,160,48.9,33.7,,mykhasv01
249,Caris LeVert,31,DET,SG,60,0,1154,.417,.488,.333,.494,.679,.518,.215,.460,89,89,93,90,87,89,82,111,-40.7,-54.6,,leverca01
250,Jakob Poeltl,30,TOR,C,46,44,1149,.700,.700,,.700,.602,.698,.316,.000,149,127,,128,77,120,120,0,95.7,82.4,,poeltja01
251,Craig Porter Jr.,25,CLE,PG,64,3,1148,.450,.503,.355,.514,.600,.524,.155,.360,95,91,99,94,77,90,59,87,-16.6,-31.5,,portecr01
252,Gary Payton II,33,GSW,SG,73,1,1142,.583,.712,.291,.628,.650,.632,.096,.306,124,129,81,115,83,109,37,74,68.1,44.0,,paytoga02
253,Dru Smith,28,MIA,SG,70,1,1141,.415,.495,.295,.474,.829,.532,.323,.397,88,90,82,87,106,92,123,96,-46.7,-36.6,,smithdr01
254,Isaiah Hartenstein,27,OKC,C,47,46,1137,.622,.637,.000,.622,.610,.631,.355,.024,132,116,0,114,78,109,135,6,45.0,34.1,,harteis01
255,Paul George,35,PHI,PF,37,37,1135,.439,.484,.392,.536,.820,.570,.216,.497,93,88,109,98,105,98,82,120,-9.8,-12.3,,georgpa01
256,Jarred Vanderbilt,26,LAL,PF,65,3,1128,.471,.596,.293,.531,.589,.544,.233,.413,100,108,81,97,75,94,89,99,-6.9,-19.7,,vandeja01
257,De'Anthony Melton,27,GSW,PG,49,24,1125,.407,.505,.294,.475,.826,.518,.229,.464,86,92,82,87,106,89,87,112,-74.2,-73.9,,meltode01
258,Luka Garza,27,BOS,C,69,6,1118,.577,.657,.433,.654,.769,.682,.328,.356,123,119,120,120,98,117,124,86,77.4,82.0,,garzalu01
259,Taylor Hendricks,22,2TM,PF,59,17,1118,.459,.585,.342,.548,.681,.566,.203,.518,97,106,95,100,87,97,77,125,1.6,-11.6,,hendrta01
259,Taylor Hendricks,22,UTA,PF,33,6,492,.453,.586,.343,.547,.719,.574,.250,.547,96,107,95,100,92,99,95,132,0.3,-2.2,,hendrta01
259,Taylor Hendricks,22,MEM,PF,26,11,626,.463,.584,.342,.548,.650,.562,.176,.502,98,106,95,101,83,97,67,121,1.3,-9.4,,hendrta01
260,John Konchar,29,2TM,SG,56,8,1115,.472,.660,.283,.543,.727,.568,.221,.497,100,120,79,99,93,98,84,120,-1.2,-5.9,,konchjo01
260,John Konchar,29,MEM,SG,30,1,435,.521,.750,.333,.613,.615,.619,.183,.549,111,136,93,112,79,106,69,132,9.5,5.8,,konchjo01
260,John Konchar,29,UTA,SG,26,7,680,.445,.618,.250,.504,.774,.540,.242,.469,95,112,70,92,99,93,92,113,-10.7,-11.7,,konchjo01
261,Ousmane Dieng,22,2TM,C,57,20,1099,.422,.493,.341,.501,.711,.516,.113,.465,90,90,95,92,91,89,43,112,-35.3,-54.8,,diengou01
261,Ousmane Dieng,22,OKC,C,27,0,295,.418,.476,.367,.516,1.000,.534,.066,.538,89,87,102,95,128,92,25,130,-5.3,-8.9,,diengou01
261,Ousmane Dieng,22,MIL,C,30,20,804,.423,.497,.331,.497,.667,.511,.127,.443,90,90,92,91,85,88,48,107,-30.0,-45.9,,diengou01
262,Jalen Smith,25,CHI,C,53,21,1095,.483,.614,.373,.584,.742,.608,.230,.545,102,112,104,107,95,105,87,131,31.1,23.6,,smithja04
263,Kentavious Caldwell-Pope,32,MEM,SG,51,14,1088,.410,.495,.316,.485,.913,.533,.219,.475,87,90,88,89,117,92,83,115,-44.4,-38.5,,caldwke01
264,Hugo González,19,BOS,SF,74,3,1084,.476,.577,.362,.561,.500,.561,.106,.472,101,105,101,103,64,97,40,114,7.5,-10.4,,gonzahu01
265,Jusuf Nurkić,31,UTA,C,41,36,1083,.503,.540,.352,.538,.549,.548,.316,.198,107,98,98,99,70,94,120,48,-5.7,-27.1,,nurkiju01
266,Miles McBride,25,NYK,SG,41,15,1080,.423,.444,.413,.562,.787,.578,.116,.671,90,81,115,103,101,99,44,162,13.1,-2.8,,mcbrimi01
267,Corey Kispert,26,2TM,SF,58,10,1080,.467,.618,.367,.577,.794,.609,.246,.602,99,112,102,106,101,105,93,145,25.0,24.2,,kispeco01
267,Corey Kispert,26,WAS,SF,19,2,370,.496,.674,.395,.622,.765,.649,.286,.639,105,123,110,114,98,112,108,154,18.1,18.2,,kispeco01
267,Corey Kispert,26,ATL,SF,39,8,710,.455,.596,.354,.558,.810,.591,.229,.585,97,108,98,102,103,102,87,141,6.9,6.0,,kispeco01
268,Rayan Rupert,21,2TM,SG,64,8,1072,.393,.446,.324,.463,.778,.493,.173,.435,83,81,90,85,99,85,65,105,-51.6,-59.6,,ruperra01
268,Rayan Rupert,21,POR,SG,48,0,577,.361,.408,.310,.435,.643,.447,.095,.483,77,74,86,80,82,77,36,116,-32.4,-41.1,,ruperra01
268,Rayan Rupert,21,MEM,SG,16,8,495,.422,.475,.338,.488,.825,.531,.241,.392,90,86,94,89,105,91,91,94,-19.2,-18.5,,ruperra01
269,Gradey Dick,22,TOR,SG,76,1,1067,.419,.530,.301,.492,.875,.538,.229,.484,89,96,84,90,112,93,87,117,-41.1,-36.5,,dickgr01
270,Giannis Antetokounmpo,31,MIL,PF,36,36,1039,.624,.647,.333,.636,.650,.658,.597,.075,132,118,93,117,83,113,226,18,108.4,115.0,AS,antetgi01
271,Tyler Herro,26,MIA,SG,33,28,1033,.480,.556,.378,.561,.917,.602,.210,.431,102,101,105,103,117,104,80,104,16.0,22.9,,herroty01
272,Jamir Watkins,24,WAS,SG,50,7,1032,.446,.616,.297,.525,.695,.554,.277,.534,95,112,83,96,89,95,105,129,-12.0,-18.1,,watkija01
273,Alex Caruso,31,OKC,SG,56,0,1020,.423,.622,.293,.512,.804,.540,.170,.603,90,113,81,94,103,93,64,145,-20.4,-26.9,,carusal01
274,Franz Wagner,24,ORL,SF,34,32,1019,.481,.533,.345,.529,.823,.588,.391,.274,102,97,96,97,105,101,148,66,-17.3,8.2,,wagnefr01
275,Caleb Love,24,POR,SG,49,1,1013,.388,.490,.318,.483,.735,.497,.100,.596,82,89,89,88,94,86,38,144,-61.7,-85.8,,loveca01
276,Robert Williams,28,POR,C,59,1,1008,.708,.740,.391,.726,.596,.722,.228,.092,150,135,109,133,76,124,86,22,90.2,77.1,,williro04
277,Guerschon Yabusele,30,2TM,C,67,19,1007,.401,.483,.352,.511,.750,.543,.231,.628,85,88,98,94,96,93,88,151,-21.5,-26.7,,yabusgu01
277,Guerschon Yabusele,30,NYK,C,41,0,366,.393,.564,.294,.486,.667,.499,.112,.636,83,103,82,89,85,86,43,153,-12.8,-18.6,,yabusgu01
277,Guerschon Yabusele,30,CHI,C,26,19,641,.405,.442,.383,.524,.767,.564,.293,.624,86,80,106,96,98,97,111,150,-8.7,-8.1,,yabusgu01
278,Aaron Gordon,30,DEN,PF,36,33,1005,.497,.568,.389,.574,.767,.620,.410,.394,106,103,108,105,98,107,155,95,22.7,35.8,,gordoaa01
279,Nae'Qwan Tomlin,25,CLE,PF,64,3,1004,.478,.618,.235,.521,.770,.549,.194,.366,101,112,65,95,98,94,74,88,-15.7,-22.3,,tomlina01
280,Mike Conley,38,MIN,PG,54,15,991,.335,.327,.337,.465,.900,.517,.233,.772,71,59,94,85,115,89,88,186,-34.6,-30.6,,conlemi01
281,Olivier-Maxence Prosper,23,MEM,PF,53,24,984,.549,.653,.405,.634,.754,.662,.326,.423,116,119,113,116,96,114,124,102,62.0,64.7,,prospol01
282,Tyus Jones,29,3TM,PG,67,12,979,.349,.444,.292,.440,.778,.448,.041,.628,74,81,81,81,99,77,16,151,-45.9,-59.1,,jonesty01
282,Tyus Jones,29,ORL,PG,48,8,754,.342,.429,.294,.437,1.000,.448,.038,.646,73,78,82,80,128,77,14,156,-34.4,-42.8,,jonesty01
282,Tyus Jones,29,DAL,PG,8,2,133,.382,.600,.211,.441,.500,.444,.059,.559,81,109,59,81,64,76,22,135,-7.1,-9.6,,jonesty01
282,Tyus Jones,29,DEN,PG,11,2,92,.346,.300,.375,.462,.000,.454,.038,.615,73,55,104,85,0,78,15,148,-4.4,-6.7,,jonesty01
283,Justin Edwards,22,PHI,SF,64,12,977,.447,.543,.372,.552,.846,.572,.122,.563,95,99,103,101,108,98,46,136,3.8,-6.1,,edwarju01
284,Ochai Agbaji,25,2TM,SG,62,13,973,.436,.579,.266,.496,.837,.525,.154,.457,93,105,74,91,107,90,58,110,-27.5,-33.6,,agbajoc01
284,Ochai Agbaji,25,TOR,SG,42,13,650,.424,.571,.185,.459,.862,.495,.171,.382,90,104,51,84,110,85,65,92,-29.5,-31.5,,agbajoc01
284,Ochai Agbaji,25,BRK,SG,20,0,323,.455,.596,.349,.555,.786,.572,.127,.573,97,108,97,102,100,98,48,138,2.0,-2.1,,agbajoc01
285,Goga Bitadze,26,ORL,C,64,3,972,.676,.701,.182,.680,.711,.700,.431,.049,143,127,51,125,91,120,164,12,60.5,63.7,,bitadgo01
286,Rob Dillingham,21,2TM,PG,65,0,970,.396,.434,.316,.447,.745,.469,.133,.323,84,79,88,82,95,81,51,78,-81.6,-98.2,,dilliro01
286,Rob Dillingham,21,MIN,PG,35,0,326,.333,.324,.364,.376,.750,.404,.142,.234,71,59,101,69,96,69,54,56,-47.9,-53.2,,dilliro01
286,Rob Dillingham,21,CHI,PG,30,0,644,.428,.503,.300,.483,.743,.503,.129,.369,91,91,83,89,95,86,49,89,-33.7,-45.0,,dilliro01
287,Al Horford,39,GSW,C,45,13,969,.426,.538,.361,.540,.846,.554,.080,.633,90,98,100,99,108,95,30,152,-3.6,-18.1,,horfoal01
288,T.J. McConnell,33,IND,PG,56,4,963,.538,.565,.320,.556,.862,.567,.064,.111,114,103,89,102,110,98,24,27,8.9,-13.1,,mccontj01
289,Kobe Brown,26,2TM,PF,61,10,963,.469,.568,.374,.565,.797,.594,.218,.513,99,103,104,103,102,102,83,124,10.2,7.7,,brownko01
289,Kobe Brown,26,LAC,PF,34,0,295,.393,.571,.265,.470,.808,.524,.310,.583,83,104,74,86,103,90,117,141,-12.7,-11.0,,brownko01
289,Kobe Brown,26,IND,PF,27,10,668,.503,.567,.433,.607,.788,.628,.176,.481,107,103,120,111,101,108,67,116,22.9,18.7,,brownko01
290,Anthony Gill,33,WAS,PF,55,8,951,.628,.707,.354,.667,.739,.682,.214,.223,133,128,98,122,94,117,81,54,52.4,47.5,,gillan01
291,Kasparas Jakučionis,19,MIA,PG,53,12,945,.429,.439,.423,.567,.879,.614,.277,.655,91,80,118,104,112,106,105,158,10.3,17.5,,jakucka01
292,Jalen Williams,24,OKC,SG,33,33,936,.484,.523,.299,.510,.837,.560,.289,.173,103,95,83,93,107,96,110,42,-31.7,-21.6,,willija06
293,Jordan Poole,26,NOP,PG,39,8,933,.372,.442,.333,.480,.860,.530,.257,.649,79,80,93,88,110,91,97,156,-58.5,-50.6,,poolejo01
294,Clint Capela,31,HOU,C,75,3,926,.520,.520,.500,.522,.577,.540,.344,.009,110,95,139,96,74,93,130,2,-10.7,-21.9,,capelca01
295,Ben Saraf,19,BRK,SG,44,11,916,.396,.474,.211,.427,.830,.486,.290,.297,84,86,59,78,106,84,110,72,-71.7,-65.4,,sarafbe01
296,Micah Peavy,24,NOP,SG,61,4,913,.385,.467,.259,.436,.759,.455,.105,.393,82,85,72,80,97,78,40,95,-60.1,-72.6,,peavymi01
297,Karlo Matković,24,NOP,PF,62,2,912,.604,.717,.422,.685,.732,.696,.174,.383,128,130,117,126,93,120,66,92,65.5,57.8,,matkoka01
298,Josh Green,25,CHO,SG,58,0,908,.459,.581,.420,.619,.893,.644,.155,.762,97,106,117,113,114,111,59,184,26.5,24.2,,greenjo02
299,Micah Potter,27,IND,C,47,7,908,.515,.640,.423,.637,.842,.679,.345,.573,109,116,118,117,108,117,131,138,53.2,65.6,,pottemi01
300,Isaiah Jackson,24,2TM,C,55,14,908,.637,.645,.000,.637,.648,.653,.443,.013,135,117,0,117,83,112,168,3,43.3,40.7,,jacksis01
300,Isaiah Jackson,24,IND,C,38,14,638,.582,.585,.000,.582,.689,.615,.448,.006,124,106,0,107,88,106,170,1,11.9,13.3,,jacksis01
300,Isaiah Jackson,24,LAC,C,17,0,270,.764,.786,.000,.764,.548,.741,.431,.028,162,143,0,140,70,128,163,7,31.4,27.4,,jacksis01
301,Dylan Cardwell,24,SAC,C,44,1,907,.587,.589,.500,.592,.510,.591,.285,.022,125,107,139,109,65,102,108,5,16.7,3.8,,cardwdy01
302,Dwight Powell,34,DAL,C,63,12,904,.644,.670,.286,.653,.696,.699,1.109,.069,137,122,79,120,89,120,421,17,21.8,35.3,,poweldw01
303,Paul Reed,26,DET,C,65,11,901,.617,.656,.325,.636,.664,.650,.324,.118,131,119,90,117,85,112,123,28,61.0,53.5,,reedpa01
304,Jaden Hardy,23,2TM,SG,57,4,898,.424,.467,.397,.545,.733,.566,.175,.611,90,85,110,100,94,97,66,147,-0.2,-14.2,,hardyja02
304,Jaden Hardy,23,DAL,SG,34,4,428,.402,.457,.371,.521,.775,.551,.206,.639,85,83,103,95,99,95,78,154,-9.7,-13.0,,hardyja02
304,Jaden Hardy,23,WAS,SG,23,0,470,.443,.474,.420,.566,.686,.579,.149,.587,94,86,117,104,88,100,57,141,9.5,-1.2,,hardyja02
305,Quenton Jackson,27,IND,PG,49,19,897,.470,.533,.356,.534,.824,.589,.363,.360,100,97,99,98,105,101,138,87,-8.0,5.7,,jacksqu01
306,Jaylen Clark,24,MIN,SG,68,1,888,.434,.520,.327,.507,.657,.534,.294,.443,92,94,91,93,84,92,111,107,-17.8,-24.4,,clarkja02
307,Cam Thomas,24,2TM,SG,42,8,881,.410,.468,.310,.466,.811,.530,.367,.364,87,85,86,85,104,91,139,88,-73.1,-55.5,,thomaca02
307,Cam Thomas,24,BRK,SG,24,8,582,.399,.445,.325,.461,.843,.527,.351,.380,85,81,90,84,108,91,133,92,-52.1,-38.4,,thomaca02
307,Cam Thomas,24,MIL,SG,18,0,299,.431,.510,.275,.477,.754,.534,.399,.333,92,93,76,87,96,92,151,80,-21.0,-17.1,,thomaca02
308,Bryce McGowens,23,NOP,SG,42,13,880,.481,.528,.409,.561,.779,.610,.401,.392,102,96,114,103,100,105,152,95,7.4,15.8,,mcgowbr01
309,Gabe Vincent,29,2TM,PG,53,7,879,.352,.395,.341,.488,.870,.511,.106,.801,75,72,95,90,111,88,40,193,-24.8,-31.9,,vincega01
309,Gabe Vincent,29,LAL,PG,29,7,559,.346,.259,.369,.492,.909,.512,.085,.792,73,47,103,90,116,88,32,191,-13.9,-18.8,,vincega01
309,Gabe Vincent,29,ATL,PG,24,0,320,.360,.625,.300,.483,.833,.509,.140,.814,77,114,83,88,106,88,53,196,-10.9,-13.1,,vincega01
310,Jonas Valančiūnas,33,DEN,C,65,6,871,.582,.602,.308,.592,.772,.630,.349,.067,124,109,86,109,99,108,132,16,36.4,43.9,,valanjo01
311,Jevon Carter,30,2TM,PG,53,1,867,.401,.489,.363,.528,.789,.537,.062,.700,85,89,101,97,101,92,23,169,-11.0,-27.7,,carteje01
311,Jevon Carter,30,CHI,PG,23,0,254,.398,.360,.410,.553,1.000,.577,.097,.757,85,65,114,101,128,99,37,182,1.6,-0.9,,carteje01
311,Jevon Carter,30,ORL,PG,30,1,613,.402,.537,.336,.515,.556,.517,.044,.672,85,98,93,94,71,89,17,162,-12.6,-26.8,,carteje01
312,Trendon Watford,25,PHI,PF,53,7,864,.515,.587,.200,.534,.779,.573,.287,.187,109,107,56,98,100,99,109,45,-6.5,-5.0,,watfotr01
313,Julian Strawther,23,DEN,SG,57,14,861,.467,.538,.387,.558,.814,.590,.219,.470,99,98,108,102,104,102,83,113,7.9,6.3,,strawju01
314,Jalen Wilson,25,BRK,PF,54,2,859,.396,.444,.355,.493,.719,.536,.345,.547,84,81,99,90,92,92,131,132,-29.4,-29.4,,wilsoja03
315,Caleb Martin,30,DAL,SF,58,12,856,.450,.492,.351,.503,.607,.526,.323,.302,95,90,98,92,77,90,122,73,-16.3,-24.0,,martica02
316,Kenrich Williams,31,OKC,PF,56,2,855,.473,.539,.388,.557,.635,.569,.176,.436,100,98,108,102,81,98,67,105,7.0,-7.8,,willike04
317,Kyle Anderson,32,3TM,SF,43,5,853,.530,.539,.364,.540,.706,.573,.337,.054,112,98,101,99,90,99,128,13,-2.5,-3.7,,anderky01
317,Kyle Anderson,32,UTA,SF,20,0,401,.523,.519,.600,.537,.658,.565,.349,.046,111,94,167,98,84,97,132,11,-2.0,-4.2,,anderky01
317,Kyle Anderson,32,MEM,SF,4,3,89,.789,.778,1.000,.816,.750,.821,.421,.053,168,141,278,150,96,141,160,13,10.3,10.8,,anderky01
317,Kyle Anderson,32,MIN,SF,19,2,363,.473,.507,.000,.473,.773,.520,.297,.068,100,92,0,87,99,89,113,16,-10.8,-10.3,,anderky01
318,Daeqwon Plowden,27,SAC,SG,32,7,844,.430,.624,.333,.541,.857,.572,.176,.667,91,113,93,99,109,98,67,161,-2.5,-5.5,,plowdda01
319,Josh Minott,23,2TM,PF,49,11,834,.500,.626,.418,.627,.787,.653,.242,.607,106,114,116,115,101,112,92,146,41.0,39.8,,minotjo01
319,Josh Minott,23,BOS,PF,33,10,526,.507,.593,.442,.632,.769,.651,.191,.566,108,108,123,116,98,112,73,136,23.6,20.6,,minotjo01
319,Josh Minott,23,BRK,SF,16,1,308,.491,.675,.395,.621,.800,.654,.302,.655,104,123,110,114,102,113,114,158,17.4,19.2,,minotjo01
320,Javon Small,23,MEM,PG,41,12,830,.465,.507,.423,.569,.829,.611,.285,.493,99,92,117,104,106,105,108,119,13.7,19.2,,smallja01
321,Jonathan Kuminga,23,2TM,PF,36,14,830,.463,.521,.333,.515,.724,.557,.363,.310,98,95,93,94,92,96,138,75,-20.9,-19.2,,kuminjo01
321,Jonathan Kuminga,23,GSW,PF,20,13,476,.454,.504,.321,.497,.742,.543,.340,.273,96,92,89,91,95,93,129,66,-18.7,-17.4,,kuminjo01
321,Jonathan Kuminga,23,ATL,PF,16,1,354,.476,.548,.346,.538,.702,.576,.393,.359,101,100,96,99,90,99,149,86,-2.2,-1.8,,kuminjo01
322,Jalen Green,23,PHO,SG,32,27,828,.422,.509,.313,.491,.747,.516,.170,.443,90,92,87,90,95,89,64,107,-55.8,-71.9,,greenja05
323,Vince Williams Jr.,25,2TM,SG,40,12,820,.353,.417,.311,.447,.780,.478,.171,.606,75,76,86,82,100,82,65,146,-57.7,-65.1,,willivi01
323,Vince Williams Jr.,25,MEM,PG,34,12,736,.352,.419,.308,.445,.804,.478,.174,.602,75,76,86,82,103,82,66,145,-53.1,-58.5,,willivi01
323,Vince Williams Jr.,25,UTA,SG,6,0,84,.357,.400,.333,.464,.500,.470,.143,.643,76,73,93,85,64,81,54,155,-4.6,-6.6,,willivi01
324,Buddy Hield,33,2TM,SG,51,3,819,.437,.600,.349,.550,.811,.568,.113,.648,93,109,97,101,104,98,43,156,3.1,-9.1,,hieldbu01
324,Buddy Hield,33,GSW,SG,44,3,768,.433,.600,.344,.545,.794,.562,.113,.650,92,109,96,100,101,97,43,157,-0.4,-12.2,,hieldbu01
324,Buddy Hield,33,ATL,SG,7,0,51,.481,.600,.412,.611,1.000,.636,.111,.630,102,109,114,112,128,109,42,152,3.5,3.1,,hieldbu01
325,Carter Bryant,20,SAS,PF,71,0,818,.408,.509,.335,.506,.714,.526,.158,.585,87,93,93,93,91,90,60,141,-21.2,-31.6,,bryanca01
326,Nikola Jović,22,MIA,PF,47,1,808,.366,.476,.269,.438,.683,.480,.322,.532,78,87,75,80,87,83,122,128,-67.7,-72.8,,jovicni01
327,Jalen Pickett,26,DEN,SG,50,18,807,.422,.467,.386,.528,.789,.541,.082,.547,90,85,107,97,101,93,31,132,-8.2,-19.5,,pickeja02
328,Keegan Murray,25,SAC,PF,23,22,793,.420,.505,.277,.472,.776,.499,.163,.373,89,92,77,86,99,86,62,90,-44.4,-52.9,,murrake02
329,Aaron Holiday,29,HOU,PG,57,1,781,.417,.463,.394,.550,.854,.578,.163,.675,88,84,110,101,109,99,62,163,2.0,-2.0,,holidaa01
330,Tyrese Martin,26,2TM,SG,46,6,777,.394,.500,.321,.489,.679,.501,.101,.596,84,91,89,90,87,86,38,144,-31.3,-46.4,,martity01
330,Tyrese Martin,26,BRK,SG,37,6,696,.392,.476,.336,.492,.731,.507,.102,.596,83,86,93,90,93,87,39,144,-27.3,-39.8,,martity01
330,Tyrese Martin,26,PHI,SG,9,0,81,.409,.778,.154,.455,.000,.437,.091,.591,87,141,43,83,0,75,34,142,-4.0,-6.6,,martity01
331,Kristaps Porziņģis,30,2TM,C,32,23,769,.446,.522,.338,.515,.842,.582,.407,.412,95,95,94,94,108,100,154,99,-23.5,1.0,,porzikr01
331,Kristaps Porziņģis,30,ATL,C,17,12,413,.457,.524,.360,.531,.840,.592,.386,.410,97,95,100,97,107,102,146,99,-6.2,5.4,,porzikr01
331,Kristaps Porziņģis,30,GSW,C,15,11,356,.433,.519,.311,.497,.844,.571,.433,.416,92,94,86,91,108,98,164,100,-17.3,-4.4,,porzikr01
332,Jabari Walker,23,PHI,PF,64,6,762,.455,.551,.337,.531,.735,.568,.319,.446,97,100,94,97,94,98,121,107,-6.4,-6.5,,walkeja01
333,Noah Penda,21,ORL,SF,59,2,757,.404,.473,.323,.478,.688,.506,.236,.458,86,86,90,88,88,87,90,110,-27.5,-33.6,,pendano01
334,Scoot Henderson,21,POR,PG,30,10,748,.418,.478,.352,.501,.840,.553,.292,.474,89,87,98,92,107,95,111,114,-30.2,-21.8,,hendesc01
335,Pete Nance,25,MIL,PF,47,6,737,.515,.667,.420,.644,.364,.639,.057,.613,109,121,117,118,46,110,22,148,38.3,22.8,,nancepe01
336,Thomas Bryant,28,CLE,C,60,1,732,.506,.647,.359,.594,.803,.625,.247,.491,107,118,100,109,103,107,94,118,25.6,25.8,,bryanth01
337,Steven Adams,32,HOU,C,32,11,730,.504,.504,,.504,.580,.535,.583,.000,107,92,,92,74,92,221,0,-11.7,-16.1,,adamsst01
338,Lonzo Ball,28,CLE,PG,35,3,728,.301,.448,.272,.415,.667,.432,.119,.835,64,81,76,76,85,74,45,201,-46.1,-55.4,,balllo01
339,Tyler Kolek,24,NYK,PG,62,1,727,.435,.478,.386,.524,.700,.533,.081,.460,92,87,107,96,89,92,31,111,-10.6,-24.6,,kolekty01
340,Leonard Miller,22,2TM,SF,46,12,719,.553,.693,.323,.615,.736,.633,.202,.378,117,126,90,113,94,109,77,91,36.1,29.2,,millele01
340,Leonard Miller,22,MIN,SF,19,0,95,.545,.810,.083,.561,.636,.581,.333,.364,116,147,23,103,81,100,126,88,1.0,0.0,,millele01
340,Leonard Miller,22,CHI,SF,27,12,624,.555,.676,.356,.622,.762,.640,.183,.380,118,123,99,114,97,110,70,92,35.1,29.2,,millele01
341,Grant Williams,27,CHO,PF,36,3,711,.426,.531,.388,.568,.815,.609,.295,.732,90,96,108,104,104,105,112,176,8.3,11.6,,willigr01
342,Nick Richards,28,2TM,C,48,6,701,.512,.536,.278,.525,.644,.562,.502,.090,109,97,77,96,82,97,191,22,-8.4,-9.4,,richani01
342,Nick Richards,28,PHO,C,28,2,254,.493,.493,,.493,.679,.534,.394,.000,105,90,,90,87,92,150,0,-7.5,-7.9,,richani01
342,Nick Richards,28,CHI,C,20,4,447,.523,.563,.278,.542,.630,.577,.562,.138,111,102,77,99,80,99,213,33,-0.9,-1.5,,richani01
343,Sharife Cooper,24,WAS,PG,41,1,700,.514,.573,.382,.573,.833,.609,.243,.308,109,104,106,105,106,105,92,74,13.4,15.1,,coopesh01
344,Devin Carter,23,SAC,PG,38,12,700,.414,.511,.263,.466,.713,.508,.322,.390,88,93,73,85,91,87,122,94,-46.7,-48.6,,cartede02
345,Jett Howard,22,ORL,SF,55,0,695,.418,.481,.372,.526,.949,.561,.155,.578,89,87,104,96,121,97,59,139,-9.9,-10.8,,howarje01
346,Jordan Hawkins,23,NOP,SG,51,1,692,.366,.385,.348,.457,.852,.480,.105,.525,78,70,97,84,109,83,40,127,-45.5,-54.7,,hawkijo01
347,Rasheer Fleming,21,PHO,PF,55,1,673,.405,.494,.346,.509,.559,.517,.158,.605,86,90,96,93,71,89,60,146,-15.6,-29.4,,flemira01
348,Jahmai Mashack,23,MEM,SG,31,7,673,.395,.483,.253,.444,.543,.456,.179,.385,84,88,70,81,69,78,68,93,-39.8,-52.7,,mashaja01
349,Tristan Vukcevic,22,WAS,C,49,12,671,.479,.590,.347,.558,.784,.603,.350,.454,102,107,97,102,100,104,133,109,8.1,15.6,,vukcetr01
350,Jaden Ivey,23,2TM,SG,37,5,670,.445,.525,.373,.543,.809,.571,.184,.523,95,95,104,100,103,98,70,126,-1.4,-5.8,,iveyja01
350,Jaden Ivey,23,DET,SG,33,2,555,.450,.533,.372,.545,.789,.570,.173,.514,96,97,103,100,101,98,66,124,-0.1,-5.3,,iveyja01
350,Jaden Ivey,23,CHI,SG,4,3,115,.417,.467,.381,.528,.889,.576,.250,.583,88,85,106,97,114,99,95,141,-1.3,-0.5,,iveyja01
351,Tre Mann,24,CHO,PG,53,1,669,.360,.399,.323,.442,.852,.462,.089,.512,76,72,90,81,109,79,34,123,-62.7,-75.1,,manntr01
352,Gary Harris,31,MIL,SG,48,2,661,.442,.500,.412,.577,.889,.593,.087,.654,94,91,114,106,114,102,33,158,6.5,2.5,,harriga01
353,Ethan Thompson,26,IND,SG,32,13,653,.378,.450,.328,.474,.787,.515,.240,.592,80,82,91,87,101,89,91,143,-27.9,-29.0,,thompet01
354,Jamaree Bouyea,26,PHO,PG,46,1,644,.458,.538,.295,.506,.686,.523,.148,.331,97,98,82,93,88,90,56,80,-18.5,-29.3,,bouyeja01
355,Johnny Furphy,21,IND,SG,35,21,643,.470,.603,.324,.547,.486,.547,.235,.477,100,110,90,100,62,94,89,115,0.4,-11.2,,furphjo01
356,Mohamed Diawara,20,NYK,SF,69,7,634,.423,.506,.369,.535,.750,.550,.113,.610,90,92,103,98,96,95,43,147,-4.4,-14.0,,diawamo01
357,Zeke Nnaji,25,DEN,PF,52,4,626,.470,.588,.259,.517,.773,.558,.291,.358,100,107,72,95,99,96,111,86,-8.8,-8.1,,nnajize01
358,Anthony Davis,32,DAL,PF,20,20,626,.506,.535,.270,.521,.728,.551,.243,.111,107,97,75,95,93,95,92,27,-16.5,-22.8,,davisan02
359,Dorian Finney-Smith,32,HOU,PF,37,1,620,.333,.531,.270,.436,.889,.452,.068,.758,71,97,75,80,114,78,26,183,-29.1,-35.1,,finnedo01
360,Kam Jones,23,IND,SG,37,7,616,.402,.489,.293,.467,.500,.470,.047,.444,85,89,82,86,64,81,18,107,-26.4,-38.6,,joneska03
361,Kevin Love,37,UTA,PF,37,5,613,.397,.456,.373,.530,.841,.568,.221,.714,84,83,104,97,107,98,84,172,-6.2,-5.9,,loveke01
362,Taurean Prince,31,MIL,SF,26,7,611,.450,.490,.436,.610,1.000,.617,.031,.733,96,89,121,112,128,106,12,177,24.6,13.8,,princta02
363,Jase Richardson,20,ORL,SG,54,0,587,.473,.560,.354,.548,.717,.574,.245,.420,101,102,99,100,92,99,93,101,0.8,-3.1,,richaja02
364,Tidjane Salaün,20,CHO,PF,37,0,575,.503,.579,.434,.616,.650,.629,.252,.522,107,105,121,113,83,108,95,126,22.5,16.6,,salauti01
365,Ja Morant,26,MEM,PG,20,20,569,.410,.473,.235,.441,.897,.521,.363,.264,87,86,65,81,115,90,138,64,-67.4,-45.3,,moranja01
366,Domantas Sabonis,29,SAC,C,19,15,564,.543,.593,.185,.554,.727,.590,.348,.122,115,108,51,102,93,102,132,29,3.8,4.6,,sabondo01
367,Dalton Knecht,24,LAL,SF,54,1,553,.455,.613,.342,.555,.727,.568,.115,.581,97,111,95,102,93,98,44,140,3.6,-5.4,,knechda01
368,Drew Eubanks,28,SAC,C,42,11,552,.596,.617,.143,.599,.561,.605,.365,.045,127,112,40,110,72,104,139,11,16.8,8.4,,eubandr01
369,Dalen Terry,23,2TM,SG,48,0,551,.439,.494,.364,.516,.533,.523,.194,.426,93,90,101,95,68,90,73,103,-9.1,-19.6,,terryda01
369,Dalen Terry,23,CHI,SG,34,0,377,.441,.464,.413,.534,.529,.539,.167,.451,94,84,115,98,68,93,63,109,-2.3,-9.3,,terryda01
369,Dalen Terry,23,PHI,SG,14,0,174,.434,.545,.250,.481,.538,.494,.245,.377,92,99,70,88,69,85,93,91,-6.8,-10.3,,terryda01
370,Tyrese Proctor,21,CLE,PG,50,1,545,.413,.500,.351,.516,.889,.556,.200,.582,88,91,98,94,114,96,76,140,-13.5,-12.7,,proctty01
371,Elijah Harkless,25,UTA,SG,26,9,545,.335,.452,.239,.401,.766,.471,.398,.547,71,82,66,73,98,81,151,132,-46.7,-42.0,,harklej01
372,Terrence Shannon Jr.,25,MIN,SG,43,2,538,.450,.484,.408,.541,.800,.597,.409,.444,96,88,113,99,102,103,155,107,-1.6,6.3,,shannte01
373,Keaton Wallace,26,ATL,PG,53,3,536,.398,.435,.373,.509,.667,.520,.105,.596,84,79,104,93,85,89,40,144,-12.6,-22.0,,wallake01
374,Moussa Cisse,23,DAL,C,38,1,530,.574,.574,,.574,.469,.564,.704,.000,122,104,,105,60,97,267,0,6.5,-5.2,,cissemo01
375,Cole Anthony,25,MIL,PG,35,0,527,.424,.478,.306,.472,.615,.483,.113,.312,90,87,85,86,79,83,43,75,-34.1,-47.9,,anthoco01
376,Jayson Tatum,27,BOS,PF,16,16,522,.411,.493,.329,.493,.823,.541,.275,.498,87,90,91,90,105,93,104,120,-30.2,-26.1,,tatumja01
377,Jonathan Isaac,28,ORL,PF,52,0,521,.422,.549,.184,.454,.603,.498,.532,.349,90,100,51,83,77,86,202,84,-20.0,-22.4,,isaacjo01
378,Jamison Battle,24,TOR,SF,61,2,517,.510,.650,.412,.631,.643,.635,.097,.586,108,118,114,116,82,109,37,141,24.8,16.2,,battlja01
379,Asa Newell,20,ATL,PF,44,2,500,.538,.660,.387,.624,.552,.624,.172,.444,114,120,108,114,70,107,65,107,26.6,15.6,,newelas01
380,Ariel Hukporti,23,NYK,C,54,5,498,.563,.579,.250,.569,.788,.619,.413,.050,119,105,70,104,101,106,156,12,3.7,7.1,,hukpoar01
381,Trayce Jackson-Davis,25,2TM,C,53,1,496,.573,.569,1.000,.577,.514,.578,.597,.008,122,103,278,106,66,99,226,2,7.7,-1.0,,jackstr02
381,Trayce Jackson-Davis,25,GSW,C,36,1,411,.588,.584,1.000,.593,.558,.601,.510,.010,125,106,278,109,71,103,193,2,9.7,4.8,,jackstr02
381,Trayce Jackson-Davis,25,TOR,C,17,0,85,.500,.500,,.500,.409,.489,1.000,.000,106,91,,92,52,84,379,0,-2.0,-5.8,,jackstr02
382,D'Angelo Russell,29,DAL,PG,26,3,495,.405,.508,.295,.476,.717,.511,.259,.483,86,92,82,87,92,88,98,116,-32.2,-36.5,,russeda01
383,Taelon Peter,23,IND,SG,38,0,492,.380,.576,.328,.509,.625,.518,.101,.791,81,105,91,93,80,89,38,191,-11.4,-20.9,,peterta01
384,Bez Mbeng,22,UTA,SG,15,5,492,.500,.638,.194,.530,.640,.550,.250,.310,106,116,54,97,82,95,95,75,-3.1,-7.1,,mbengbe01
385,Amir Coffey,28,2TM,SG,46,3,490,.487,.594,.347,.562,.786,.594,.248,.434,103,108,96,103,100,102,94,104,3.7,3.3,,coffeam01
385,Amir Coffey,28,MIL,SG,30,2,265,.473,.633,.280,.536,.867,.584,.273,.455,100,115,78,98,111,101,103,110,-1.0,0.4,,coffeam01
385,Amir Coffey,28,PHO,SG,16,1,225,.500,.559,.417,.586,.692,.604,.224,.414,106,102,116,107,88,104,85,100,4.7,2.9,,coffeam01
386,Branden Carlson,26,OKC,C,42,4,488,.527,.670,.360,.610,.577,.613,.140,.462,112,122,100,112,74,105,53,111,24.0,12.4,,carlsbr01
387,Jamal Cain,26,ORL,SF,40,1,486,.487,.582,.384,.579,.848,.624,.303,.480,103,106,107,106,108,107,115,116,10.1,14.7,,cainja01
388,Cam Christie,20,LAC,SG,55,0,480,.381,.456,.245,.424,.760,.484,.360,.353,81,83,68,78,97,83,136,85,-33.7,-31.2,,chrisca02
389,Matisse Thybulle,28,POR,SG,30,0,480,.433,.512,.398,.571,.840,.600,.187,.694,92,93,111,105,107,103,71,167,6.8,5.4,,thybuma01
390,Jeremy Sochan,22,2TM,PF,44,0,469,.496,.631,.244,.539,.731,.563,.202,.349,105,115,68,99,93,97,76,84,-1.7,-5.3,,sochaje01
390,Jeremy Sochan,22,SAS,PF,28,0,358,.475,.594,.257,.520,.688,.538,.162,.354,101,108,71,95,88,92,61,85,-5.0,-9.3,,sochaje01
390,Jeremy Sochan,22,NYK,PF,16,0,111,.567,.750,.200,.600,.800,.640,.333,.333,120,136,56,110,102,110,126,80,3.3,4.0,,sochaje01
391,Maxi Kleber,34,LAL,PF,43,1,461,.452,.574,.231,.493,.538,.509,.356,.356,96,104,64,90,69,88,135,86,-7.7,-12.2,,klebima01
392,Marcus Sasser,25,DET,PG,38,5,457,.390,.352,.415,.514,.833,.533,.102,.599,83,64,115,94,106,92,39,144,-11.2,-18.0,,sassema01
393,AJ Johnson,21,2TM,SG,48,0,454,.324,.378,.211,.358,.850,.413,.227,.324,69,69,59,66,109,71,86,78,-66.1,-65.2,,johnsaj01
393,AJ Johnson,21,WAS,SG,25,0,214,.325,.345,.280,.367,.750,.396,.145,.301,69,63,78,67,96,68,55,73,-29.6,-32.7,,johnsaj01
393,AJ Johnson,21,DAL,SG,23,0,240,.323,.410,.156,.349,.893,.427,.301,.344,68,75,43,64,114,73,114,83,-36.5,-32.5,,johnsaj01
394,Bogdan Bogdanović,33,LAC,SG,23,3,452,.388,.456,.347,.497,.800,.525,.164,.625,82,83,97,91,102,90,62,151,-14.9,-18.5,,bogdabo01
395,Tony Bradley,28,2TM,C,41,4,450,.547,.549,.500,.556,.744,.596,.368,.034,116,100,139,102,95,103,139,8,2.3,3.9,,bradlto01
395,Tony Bradley,28,IND,C,38,3,416,.557,.558,.500,.561,.744,.604,.406,.019,118,101,139,103,95,104,154,5,3.3,5.7,,bradlto01
395,Tony Bradley,28,ATL,C,3,1,34,.455,.444,.500,.500,,.500,.000,.182,97,81,139,92,,86,0,44,-1.0,-1.8,,bradlto01
396,Larry Nance Jr.,33,CLE,PF,35,3,449,.419,.508,.333,.504,.462,.505,.105,.508,89,92,93,92,59,87,40,122,-10.3,-19.8,,nancela02
397,Oscar Tshiebwe,26,UTA,C,27,6,448,.634,.634,,.634,.551,.633,.338,.000,135,115,,116,70,109,128,0,25.8,17.3,,tshieos01
398,Doug McDermott,34,SAC,SF,29,0,439,.388,.375,.390,.561,.889,.574,.065,.885,82,68,109,103,114,99,25,213,4.3,-2.2,,mcderdo01
399,Leaky Black,26,WAS,SF,15,9,433,.388,.438,.345,.481,.875,.498,.078,.534,82,80,96,88,112,86,29,129,-13.4,-17.9,,blackle01
400,Julian Phillips,22,2TM,SF,48,2,428,.421,.554,.308,.504,.783,.534,.190,.537,89,101,86,92,100,92,72,129,-10.0,-12.5,,phillju01
400,Julian Phillips,22,CHI,SF,35,2,334,.420,.538,.327,.511,.818,.533,.125,.557,89,98,91,94,105,92,47,134,-6.0,-9.0,,phillju01
400,Julian Phillips,22,MIN,SF,13,0,94,.424,.588,.250,.485,.750,.536,.364,.485,90,107,70,89,96,92,138,117,-4.0,-3.5,,phillju01
401,Moritz Wagner,28,ORL,C,36,0,427,.426,.488,.314,.482,.819,.545,.369,.359,90,89,87,88,105,94,140,86,-24.8,-16.6,,wagnemo01
402,Yanic Konan Niederhäuser,22,LAC,C,41,0,424,.640,.663,.200,.645,.758,.691,.620,.050,136,121,56,118,97,119,235,12,19.9,28.0,,konanya01
403,Obi Toppin,27,IND,PF,24,3,424,.503,.670,.352,.595,.913,.636,.231,.528,107,122,98,109,117,109,88,127,19.8,24.1,,toppiob01
404,Khaman Maluach,19,PHO,C,46,1,411,.533,.607,.238,.557,.710,.586,.295,.200,113,110,66,102,91,101,112,48,2.4,1.0,,maluakh01
405,Myron Gardner,24,MIA,SF,45,7,411,.480,.559,.406,.585,.731,.606,.211,.520,102,102,113,107,93,104,80,125,9.8,6.7,,gardnmy01
406,Andre Jackson Jr.,24,MIL,SG,48,1,408,.328,.407,.250,.391,.625,.425,.269,.504,70,74,70,72,80,73,102,121,-36.9,-41.7,,jacksan01
407,Killian Hayes,24,SAC,PG,23,3,406,.304,.333,.270,.366,.929,.422,.203,.457,65,61,75,67,119,73,77,110,-49.6,-47.8,,hayeski01
408,Jae'Sean Tate,30,HOU,SF,46,1,405,.514,.597,.313,.560,.636,.567,.101,.294,109,109,87,103,81,97,38,71,3.0,-3.4,,tateja01
409,Julian Reese,22,WAS,PF,13,10,402,.529,.529,,.529,.636,.557,.370,.000,112,96,,97,81,96,140,0,-3.9,-6.9,,reeseju01
410,Dejounte Murray,29,NOP,PG,14,14,389,.484,.575,.306,.536,.867,.580,.247,.341,103,105,85,98,111,100,94,82,-3.6,-0.7,,murrade01
411,Trae Young,27,2TM,PG,15,15,384,.458,.557,.338,.534,.825,.612,.548,.452,97,101,94,98,105,105,208,109,-4.1,13.6,,youngtr01
411,Trae Young,27,ATL,PG,10,10,280,.415,.500,.305,.481,.863,.577,.541,.437,88,91,85,88,110,99,205,105,-17.3,-1.3,,youngtr01
411,Trae Young,27,WAS,PG,5,5,104,.595,.762,.429,.702,.708,.723,.571,.500,126,139,119,129,90,124,217,120,13.2,14.9,,youngtr01
412,Tyson Etienne,26,BRK,PG,24,2,380,.400,.405,.398,.548,.833,.588,.248,.745,85,74,111,100,106,101,94,179,0.8,2.0,,etienty01
413,Bronny James,21,LAL,SG,42,1,375,.409,.431,.386,.504,.857,.517,.061,.496,87,78,107,92,109,89,23,119,-9.5,-15.3,,jamesbr02
414,Nick Smith Jr.,21,LAL,SG,30,1,375,.435,.480,.395,.540,.733,.552,.093,.534,92,87,110,99,94,95,35,129,-1.7,-9.9,,smithni01
415,Cameron Payne,31,PHI,PG,22,1,374,.376,.462,.330,.483,.864,.514,.148,.651,80,84,92,89,110,88,56,157,-18.6,-21.5,,payneca01
416,Liam McNeeley,20,CHO,SF,31,0,368,.400,.400,.400,.526,.821,.588,.411,.632,85,73,111,96,105,101,156,152,-3.7,1.6,,mcneeli01
417,Blake Wesley,22,POR,SG,31,0,361,.452,.523,.278,.492,.553,.511,.379,.290,96,95,77,90,71,88,144,70,-13.3,-20.2,,weslebl01
418,Jeremiah Robinson-Earl,25,2TM,PF,22,3,361,.370,.458,.244,.420,.944,.468,.180,.410,79,83,68,77,121,80,68,99,-25.2,-24.5,,robinje02
418,Jeremiah Robinson-Earl,25,IND,PF,17,3,300,.349,.420,.242,.398,.929,.443,.169,.398,74,76,67,73,119,76,64,96,-24.6,-24.7,,robinje02
418,Jeremiah Robinson-Earl,25,DAL,PF,5,0,61,.471,.667,.250,.529,1.000,.586,.235,.471,100,121,70,97,128,101,89,113,-0.6,0.2,,robinje02
419,Kelly Olynyk,34,SAS,C,42,0,360,.490,.714,.255,.552,.711,.590,.396,.490,104,130,71,101,91,101,150,118,1.2,1.9,,olynyke01
420,Malachi Smith,26,BRK,SG,15,4,359,.485,.528,.435,.586,1.000,.605,.081,.465,103,96,121,107,128,104,31,112,8.0,4.8,,smithma02
421,Christian Koloko,25,3TM,C,27,4,357,.419,.462,.111,.426,.667,.453,.203,.122,89,84,31,78,85,78,77,29,-17.8,-20.7,,kolokch01
421,Christian Koloko,25,LAL,C,2,0,6,,,,,,,,,,,,,,,,,0.0,0.0,,kolokch01
421,Christian Koloko,25,MEM,C,11,2,195,.400,.412,.000,.400,.250,.394,.114,.029,85,75,0,73,32,68,43,7,-10.2,-13.7,,kolokch01
421,Christian Koloko,25,ATL,C,14,2,156,.436,.516,.125,.449,.818,.502,.282,.205,93,94,35,82,105,86,107,49,-7.6,-7.0,,kolokch01
422,Kennedy Chandler,23,UTA,PG,11,2,355,.445,.465,.395,.500,.651,.529,.314,.277,95,84,110,92,83,91,119,67,-12.5,-16.3,,chandke01
423,Cam Whitmore,21,WAS,SF,21,0,354,.456,.540,.286,.503,.742,.528,.183,.331,97,98,79,92,95,91,70,80,-14.4,-19.4,,whitmca01
424,E.J. Liddell,25,BRK,PF,26,5,349,.486,.610,.346,.568,.808,.600,.234,.468,103,111,96,104,103,103,89,113,4.9,4.6,,liddeej01
425,Brooks Barnhizer,23,OKC,SG,40,0,348,.380,.426,.292,.430,.700,.451,.141,.338,81,77,81,79,89,78,53,81,-16.5,-19.7,,barnhbr01
426,Chaney Johnson,23,BRK,SF,17,1,348,.543,.656,.300,.590,.800,.635,.372,.319,115,119,83,108,102,109,141,77,8.4,11.8,,johnsch06
427,Isaiah Livers,27,PHO,PF,36,0,347,.344,.417,.300,.438,.750,.469,.188,.625,73,76,83,80,96,81,71,151,-13.8,-15.6,,liveris01
428,Lachlan Olbrich,22,CHI,C,37,2,344,.468,.586,.105,.481,.375,.470,.519,.247,99,107,29,88,48,81,197,59,-10.0,-21.0,,olbrila01
429,Ty Jerome,28,MEM,SG,15,15,339,.474,.522,.420,.572,.875,.616,.260,.465,101,95,117,105,112,106,99,112,11.4,16.3,,jeromty01
430,Ron Harper Jr.,25,BOS,SF,29,3,318,.418,.600,.350,.545,.750,.550,.036,.727,89,109,97,100,96,95,14,175,0.0,-7.0,,harpero02
431,Joan Beringer,19,MIN,PF,40,3,314,.663,.663,,.663,.703,.683,.378,.000,141,121,,122,90,117,143,0,23.1,23.1,,berinjo01
432,Jalen Slawson,26,IND,SF,13,6,311,.442,.514,.375,.539,.706,.562,.221,.519,94,93,104,99,90,97,84,125,-1.0,-3.2,,slawsja01
433,Kevon Looney,29,NOP,C,21,8,308,.417,.489,.154,.433,.700,.458,.167,.217,88,89,43,79,89,79,63,52,-13.5,-15.9,,looneke01
434,Tyler Burton,25,MEM,SF,12,0,307,.375,.435,.333,.473,.852,.521,.241,.589,80,79,93,87,109,90,91,142,-16.2,-15.0,,burtoty01
435,Yang Hansen,20,POR,C,43,1,300,.310,.448,.119,.335,.824,.413,.340,.420,66,81,33,61,105,71,129,101,-42.1,-38.7,,yangha01
436,Pat Connaughton,33,CHO,SG,42,0,297,.447,.515,.404,.571,.650,.586,.235,.612,95,94,112,105,83,101,89,147,4.2,0.9,,connapa01
437,LJ Cryer,24,GSW,PG,18,1,292,.402,.435,.394,.560,.895,.590,.162,.803,85,79,109,103,114,102,62,194,3.3,2.2,,cryerlj01
438,Max Strus,29,CLE,SF,12,5,288,.443,.583,.402,.599,.778,.609,.085,.774,94,106,112,110,99,105,32,186,11.3,6.1,,strusma01
439,Lindy Waters III,28,SAS,SG,40,0,285,.375,.667,.342,.528,.667,.532,.034,.898,80,121,95,97,85,91,13,216,-3.0,-8.9,,waterli01
440,Blake Hinson,26,UTA,SF,14,3,285,.513,.611,.468,.674,.750,.684,.139,.687,109,111,130,124,96,118,53,165,29.5,25.1,,hinsobl01
441,Zach Edey,23,MEM,C,11,11,284,.633,.656,.200,.638,.781,.669,.327,.051,134,119,56,117,100,115,124,12,18.1,19.7,,edeyza01
442,Jordan McLaughlin,29,SAS,PG,44,0,282,.418,.410,.425,.525,.857,.542,.089,.506,89,75,118,96,109,93,34,122,-3.2,-6.4,,mclaujo01
443,Keshad Johnson,24,MIA,SF,32,0,280,.490,.633,.295,.553,.724,.582,.279,.423,104,115,82,101,92,100,106,102,1.5,0.2,,johnske10
444,Malevy Leons,26,GSW,SF,25,2,276,.444,.500,.250,.472,.789,.516,.264,.222,94,91,70,87,101,89,100,54,-10.6,-10.4,,leonsma01
445,Malaki Branham,22,WAS,SG,28,0,275,.473,.537,.378,.549,.824,.604,.374,.407,100,98,105,101,105,104,142,98,0.7,4.8,,branhma01
446,Cormac Ryan,27,MIL,SG,11,2,271,.520,.605,.458,.652,.923,.692,.255,.578,110,110,127,119,118,119,97,139,21.7,25.1,,ryanco01
447,Chaz Lanier,24,DET,SG,34,0,262,.315,.409,.284,.421,.833,.436,.067,.753,67,74,79,77,106,75,26,181,-22.1,-26.6,,laniech01
448,Duop Reath,29,POR,C,32,0,258,.446,.526,.418,.601,.833,.613,.081,.743,95,96,116,110,106,105,31,179,8.2,4.9,,reathdu01
449,KJ Simpson,23,2TM,PG,20,2,257,.343,.373,.300,.404,.611,.426,.182,.404,73,68,83,74,78,73,69,97,-28.0,-33.4,,simpskj01
449,KJ Simpson,23,CHO,PG,14,2,223,.348,.380,.308,.416,.625,.437,.180,.438,74,69,86,76,80,75,68,106,-23.1,-27.7,,simpskj01
449,KJ Simpson,23,DEN,PG,6,0,34,.300,.333,.000,.300,.500,.322,.200,.100,64,61,0,55,64,55,76,24,-4.9,-5.7,,simpskj01
450,John Poulakidas,22,DAL,SG,13,0,253,.429,.571,.403,.599,.857,.611,.077,.846,91,104,112,110,109,105,29,204,9.7,5.6,,poulajo01
451,Jonathan Mogbo,24,TOR,PF,40,0,249,.591,.605,.000,.591,.643,.608,.318,.023,125,110,0,108,82,105,121,5,4.0,2.7,,mogbojo01
452,Adama-Alpha Bal,22,MEM,SG,8,1,241,.412,.417,.409,.544,.900,.573,.147,.647,87,76,114,100,115,99,56,156,-0.2,-1.2,,balad01
453,Nate Williams,26,GSW,SG,14,2,239,.489,.517,.433,.563,.867,.592,.170,.341,104,94,120,103,111,102,65,82,3.0,2.0,,willije02
454,Drew Timme,25,LAL,PF,27,1,235,.576,.659,.440,.659,.556,.658,.136,.379,122,120,122,121,71,113,52,91,15.0,10.7,,timmedr01
455,DeJon Jarreau,28,MEM,SG,11,0,231,.398,.547,.133,.422,.783,.473,.277,.361,84,99,37,77,100,81,105,87,-20.6,-20.3,,jarrede01
456,Chris Paul,40,LAC,PG,16,0,228,.321,.308,.333,.411,.500,.413,.036,.536,68,56,93,75,64,71,14,129,-15.1,-19.1,,paulch01
457,A.J. Lawson,25,TOR,SG,24,0,226,.436,.455,.422,.558,.778,.588,.231,.577,93,83,117,102,99,101,88,139,1.9,1.1,,lawsoaj01
458,Lucas Williamson,27,MEM,SG,7,2,224,.333,.455,.283,.433,1.000,.465,.107,.707,71,83,79,79,128,80,40,170,-16.8,-18.3,,willilu01
459,JD Davison,23,HOU,PG,28,0,218,.375,.500,.250,.438,.684,.477,.297,.500,80,91,70,80,87,82,113,120,-13.8,-15.1,,davisjd01
460,Toby Okani,24,MEM,SG,6,4,217,.357,.410,.290,.421,.125,.408,.114,.443,76,75,81,77,16,70,43,107,-17.4,-25.5,,okanito01
461,PJ Hall,23,2TM,C,19,2,214,.508,.500,.600,.534,.793,.599,.492,.085,108,91,167,98,101,103,186,20,-1.4,2.6,,hallpj01
461,PJ Hall,23,MEM,C,7,0,27,.556,.667,.333,.611,.667,.630,.333,.333,118,121,93,112,85,108,126,80,1.2,1.0,,hallpj01
461,PJ Hall,23,CHO,C,12,2,187,.500,.479,1.000,.520,.808,.594,.520,.040,106,87,278,95,103,102,197,10,-2.6,1.6,,hallpj01
462,Scotty Pippen Jr.,25,MEM,PG,10,6,212,.448,.516,.313,.500,.783,.537,.240,.333,95,94,87,92,100,92,91,80,-8.8,-9.4,,pippesc02
463,DaRon Holmes,23,DEN,PF,25,6,210,.508,.688,.444,.672,.786,.692,.230,.738,108,125,124,123,100,119,87,178,15.4,14.9,,holmeda01
464,Yuki Kawamura,24,CHI,PG,18,0,209,.327,.400,.297,.433,.895,.514,.365,.712,69,73,83,79,114,88,139,171,-11.7,-8.2,,kawamyu01
465,RayJ Dennis,24,3TM,PG,17,0,206,.313,.316,.311,.398,.889,.425,.108,.542,67,57,87,73,114,73,41,131,-24.6,-27.1,,dennira01
465,RayJ Dennis,24,IND,PG,13,0,168,.306,.294,.316,.389,.889,.421,.125,.528,65,53,88,71,114,72,47,127,-22.6,-24.3,,dennira01
465,RayJ Dennis,24,LAC,PG,1,0,4,,,,,,,,,,,,,,,,,0.0,0.0,,dennira01
465,RayJ Dennis,24,ATL,PG,3,0,34,.364,.500,.286,.455,,.455,.000,.636,77,91,79,83,,78,0,153,-2.0,-2.8,,dennira01
466,DeAndre Jordan,37,NOP,C,12,7,199,.656,.656,,.656,.647,.671,.531,.000,139,119,,120,83,115,202,0,7.1,7.1,,jordade01
467,Garrison Mathews,29,IND,SG,15,1,196,.404,.667,.370,.567,.826,.628,.442,.885,86,121,103,104,106,108,168,213,2.3,5.8,,mathega01
468,MarJon Beauchamp,25,PHI,SF,14,1,196,.434,.586,.340,.539,.684,.563,.250,.618,92,107,95,99,87,97,95,149,-0.9,-3.1,,beaucma01
469,Nigel Hayes-Davis,31,PHO,SF,27,0,195,.326,.433,.125,.348,.500,.356,.087,.348,69,79,35,64,64,61,33,84,-18.2,-21.5,,hayesni01
470,Chris Youngblood,23,2TM,SG,34,0,185,.349,.444,.333,.492,.900,.527,.159,.857,74,81,93,90,115,91,60,206,-6.8,-7.4,,youngch01
470,Chris Youngblood,23,OKC,SG,32,0,174,.333,.444,.314,.467,.900,.505,.167,.850,71,81,87,86,115,87,63,205,-9.5,-9.9,,youngch01
470,Chris Youngblood,23,POR,SG,2,0,11,.667,,.667,1.000,,1.000,.000,1.000,142,,185,183,,172,0,241,2.7,2.5,,youngch01
471,Zach Collins,28,CHI,C,10,0,184,.578,.651,.429,.648,.700,.666,.313,.328,123,118,119,119,89,115,119,79,13.2,12.3,,colliza01
472,Dariq Whitehead,21,MEM,SF,6,2,183,.398,.545,.317,.500,.714,.510,.075,.645,84,99,88,92,91,88,29,155,-8.5,-13.7,,whiteda01
473,Xavier Tillman Sr.,27,2TM,C,30,1,183,.435,.607,.167,.467,.250,.461,.087,.391,92,110,46,86,32,79,33,94,-7.2,-11.5,,tillmxa01
473,Xavier Tillman Sr.,27,BOS,C,14,1,111,.452,.688,.200,.500,,.500,.000,.484,96,125,56,92,,86,0,117,-2.8,-5.0,,tillmxa01
473,Xavier Tillman Sr.,27,CHO,C,16,0,72,.400,.500,.000,.400,.250,.388,.267,.200,85,91,0,73,32,67,101,48,-4.4,-6.5,,tillmxa01
474,Tre Scott,29,BRK,PF,6,4,182,.380,.419,.316,.440,.667,.456,.120,.380,81,76,88,81,85,78,46,92,-10.6,-13.2,,scotttr01
475,Jeff Green,39,HOU,PF,30,0,175,.368,.542,.273,.456,1.000,.477,.074,.647,78,98,76,84,128,82,28,156,-12.2,-14.6,,greenje02
476,Mason Plumlee,35,2TM,C,20,3,172,.786,.786,,.786,.643,.769,1.000,.000,167,143,,144,82,132,379,0,6.7,7.6,,plumlma01
476,Mason Plumlee,35,CHO,C,14,2,125,.750,.750,,.750,.667,.752,1.000,.000,159,136,,137,85,129,379,0,4.9,5.9,,plumlma01
476,Mason Plumlee,35,SAS,C,6,1,47,1.000,1.000,,1.000,.500,.868,1.000,.000,212,182,,183,64,149,379,0,1.8,1.7,,plumlma01
477,Andersson Garcia,25,UTA,SF,5,2,169,.310,.500,.077,.328,.778,.394,.310,.448,66,91,21,60,99,68,118,108,-12.6,-12.3,,garcian01
478,Tyler Smith,21,DAL,PF,12,0,166,.420,.733,.286,.520,.667,.532,.120,.700,89,133,79,95,85,91,46,169,-2.6,-5.2,,smithty02
479,Hunter Tyson,25,DEN,PF,21,2,162,.269,.368,.212,.337,.846,.398,.250,.635,57,67,59,62,108,69,95,153,-21.7,-21.1,,tysonhu01
480,Nikola Topić,20,OKC,PG,10,2,160,.431,.444,.400,.490,.400,.489,.098,.294,92,81,111,90,51,84,37,71,-5.7,-9.9,,topicni01
481,Kevin McCullar Jr.,24,NYK,SF,21,0,155,.426,.522,.333,.511,.400,.508,.106,.511,90,95,93,94,51,87,40,123,-3.3,-7.2,,mcculke01
482,Walker Kessler,24,UTA,C,5,5,154,.703,.690,.750,.784,.700,.786,.541,.216,149,125,209,144,89,135,205,52,17.6,18.7,,kesslwa01
483,Joe Ingles,38,MIN,SF,27,2,153,.593,.818,.438,.722,1.000,.735,.074,.593,126,149,122,132,128,126,28,143,9.5,8.6,,inglejo01
484,Charles Bassey,25,4TM,C,13,0,153,.660,.660,,.660,.700,.681,.426,.000,140,120,,121,89,117,161,0,10.8,11.1,,bassech01
484,Charles Bassey,25,MEM,C,2,0,31,.375,.375,,.375,.333,.376,.375,.000,80,68,,69,43,65,142,0,-2.7,-3.8,,bassech01
484,Charles Bassey,25,PHI,C,1,0,5,1.000,1.000,,1.000,,1.000,.000,.000,212,182,,183,,172,0,0,0.9,0.8,,bassech01
484,Charles Bassey,25,BOS,C,5,0,17,.857,.857,,.857,.500,.799,.571,.000,182,156,,157,64,137,217,0,4.4,3.8,,bassech01
484,Charles Bassey,25,GSW,C,5,0,100,.677,.677,,.677,.846,.722,.419,.000,144,123,,124,108,124,159,0,8.2,10.3,,bassech01
485,Adou Thiero,21,LAL,SF,25,0,149,.516,.536,.333,.532,.636,.578,.710,.097,110,97,93,98,81,99,269,23,-0.8,-0.3,,thierad01
486,Thanasis Antetokounmpo,33,MIL,SF,34,0,148,.469,.536,.000,.469,.567,.520,.938,.125,100,97,0,86,72,89,356,30,-4.9,-5.6,,antetth01
487,Alijah Martin,24,TOR,SG,23,0,146,.320,.414,.190,.360,.789,.437,.380,.420,68,75,53,66,101,75,144,101,-18.6,-16.9,,martial01
488,Amari Williams,24,BOS,PF,22,2,146,.500,.500,,.500,.714,.573,.700,.000,106,91,,92,91,99,266,0,-1.8,-0.4,,william01
489,Bismack Biyombo,33,SAS,C,25,1,141,.600,.600,,.600,.714,.636,.467,.000,127,109,,110,91,109,177,0,1.6,2.0,,biyombi01
490,Tolu Smith,25,DET,PF,15,0,137,.500,.500,,.500,.667,.569,.833,.000,106,91,,92,85,98,316,0,-3.3,-1.2,,smithto05
491,Pacôme Dadiet,20,NYK,SG,29,0,136,.333,.563,.219,.406,.818,.454,.229,.667,71,102,61,74,105,78,87,161,-13.4,-13.4,,dadiepa01
492,Mac McClung,27,2TM,SG,11,0,135,.390,.552,.233,.449,.778,.501,.305,.508,83,100,65,82,99,86,116,122,-11.3,-10.8,,mccluma01
492,Mac McClung,27,IND,SG,3,0,34,.389,.625,.200,.444,.750,.481,.222,.556,83,114,56,81,96,83,84,134,-3.6,-4.0,,mccluma01
492,Mac McClung,27,CHI,SG,8,0,101,.390,.524,.250,.451,.786,.509,.341,.488,83,95,70,83,100,88,130,118,-7.7,-6.8,,mccluma01
493,Miles Kelly,23,DAL,PG,14,0,134,.364,.545,.303,.477,1.000,.484,.023,.750,77,99,84,87,128,83,9,181,-6.0,-8.7,,kellymi02
494,Seth Curry,35,GSW,SG,10,0,133,.490,.500,.480,.612,.917,.654,.245,.510,104,91,133,112,117,112,93,123,6.5,7.9,,curryse01
495,Bradley Beal,32,LAC,SG,6,6,121,.375,.379,.368,.448,.750,.476,.167,.396,80,69,102,82,96,82,63,95,-9.4,-10.9,,bealbr01
496,Kobe Bufkin,22,LAL,SG,16,1,119,.300,.417,.192,.350,.917,.416,.240,.520,64,76,53,64,117,72,91,125,-19.6,-18.3,,bufkiko01
497,Kyle Lowry,39,PHI,PG,14,0,118,.160,,.160,.240,.833,.308,.240,1.000,34,,44,44,106,53,91,241,-15.3,-15.1,,lowryky01
498,Dereck Lively II,21,DAL,C,7,4,115,.611,.611,,.611,.800,.670,.556,.000,130,111,,112,102,115,211,0,2.4,4.0,,livelde01
499,Trey Alexander,22,NOP,SG,9,0,111,.514,.520,.500,.595,.600,.599,.135,.324,109,95,139,109,77,103,51,78,3.6,1.4,,alexatr01
500,Omer Yurtseven,27,GSW,C,9,0,104,.423,.500,.000,.423,.667,.501,.692,.154,90,91,0,78,85,86,263,37,-6.4,-5.4,,yurtsom01
501,Luke Travers,24,CLE,SG,12,0,103,.250,.400,.063,.264,1.000,.350,.250,.444,53,73,17,48,128,60,95,107,-20.3,-18.5,,travelu01
502,Patrick Baldwin Jr.,23,3TM,SF,9,1,102,.407,.385,.429,.519,.714,.549,.259,.519,86,70,119,95,91,94,98,125,-1.5,-2.0,,baldwpa01
502,Patrick Baldwin Jr.,23,LAC,SF,2,0,12,.750,1.000,.667,1.000,1.000,1.025,.500,.750,159,182,185,183,128,176,190,181,3.6,4.3,,baldwpa01
502,Patrick Baldwin Jr.,23,PHI,SF,1,0,2,,,,,,,,,,,,,,,,,0.0,0.0,,baldwpa01
502,Patrick Baldwin Jr.,23,SAC,SF,6,1,88,.348,.333,.364,.435,.600,.456,.217,.478,74,61,101,80,77,78,82,115,-5.1,-6.3,,baldwpa01
503,Alondes Williams,26,WAS,SG,4,0,101,.615,.917,.357,.712,.875,.745,.308,.538,131,167,99,130,112,128,117,130,8.6,9.7,,willial06
504,Taj Gibson,40,MEM,C,10,1,97,.462,.450,.500,.519,.875,.576,.308,.231,98,82,139,95,112,99,117,56,-1.4,-0.3,,gibsota01
505,Javonte Cooke,26,POR,SG,19,0,94,.220,.333,.130,.256,1.000,.275,.049,.561,47,61,36,47,128,47,19,135,-23.7,-25.7,,cookeja01
506,Chris Boucher,33,BOS,PF,9,0,94,.320,.600,.133,.360,.750,.392,.160,.600,68,109,37,66,96,67,61,145,-9.3,-10.1,,bouchch01
507,Isaiah Crawford,24,HOU,SF,14,0,92,.417,.636,.231,.479,.833,.526,.250,.542,88,116,64,88,106,90,95,130,-3.2,-3.0,,crawfis01
508,Haywood Highsmith,29,PHO,SF,7,0,91,.522,.444,.571,.696,.857,.729,.304,.609,111,81,159,127,109,125,115,147,6.9,7.7,,highsha01
509,Johnny Juzang,24,MIN,SG,21,0,88,.421,.714,.250,.500,.625,.518,.211,.632,89,130,70,92,80,89,80,152,-3.5,-5.3,,juzanjo01
510,TyTy Washington Jr.,24,LAC,PG,16,0,88,.474,.545,.375,.553,,.553,.000,.421,101,99,104,101,,95,0,101,0.3,-1.1,,washity02
511,Curtis Jones,24,DEN,SG,10,0,88,.407,.556,.333,.519,.500,.520,.074,.667,86,101,93,95,64,89,28,161,-1.5,-3.4,,jonescu01
512,Tristan Enaruna,24,CLE,SF,9,0,85,.500,.611,.300,.554,.750,.587,.286,.357,106,111,83,101,96,101,108,86,0.4,0.3,,enarutr01
513,Koby Brea,23,PHO,SG,12,0,84,.417,.333,.433,.597,1.000,.610,.056,.833,88,61,120,109,128,105,21,201,3.7,2.1,,breako01
514,Trey Jemison,26,NYK,C,13,0,82,.600,.600,,.600,1.000,.623,.100,.000,127,109,,110,128,107,38,0,1.1,0.9,,jemistr01
515,Josh Oduro,25,NOP,PF,3,1,82,.647,.733,.000,.647,.500,.636,.353,.118,137,133,0,119,64,109,134,28,3.4,2.2,,odurojo01
516,Caleb Houstan,23,ATL,SF,18,0,75,.538,.600,.524,.750,1.000,.769,.115,.808,114,109,146,137,128,132,44,195,10.6,10.2,,houstca01
517,Eric Gordon,37,PHI,SG,6,0,74,.571,.571,.571,.762,.500,.754,.095,.667,121,104,159,140,64,130,36,161,9.1,7.6,,gordoer01
518,Keshon Gilbert,22,2TM,SG,4,0,74,.417,.556,.000,.417,1.000,.564,.583,.250,88,101,0,76,128,97,221,60,-3.1,-0.5,,gilbeke01
518,Keshon Gilbert,22,WAS,PG,3,0,48,.250,.500,.000,.250,1.000,.521,1.000,.500,53,91,0,46,128,90,379,120,-2.4,-0.7,,gilbeke01
518,Keshon Gilbert,22,ATL,SG,1,0,26,.500,.571,.000,.500,1.000,.590,.375,.125,106,104,0,92,128,102,142,30,-0.7,0.2,,gilbeke01
519,Garrett Temple,39,TOR,SG,22,0,73,.267,.333,.250,.367,.667,.448,.600,.800,57,61,70,67,85,77,228,193,-5.4,-5.0,,templga01
520,David Roddy,24,DEN,PF,5,0,73,.500,.632,.273,.550,1.000,.605,.233,.367,106,115,76,101,128,104,89,88,0.3,1.5,,roddyda01
521,Bobi Klintman,22,DET,SF,12,0,71,.333,.357,.308,.407,.000,.388,.111,.481,71,65,86,75,0,67,42,116,-7.5,-10.9,,klintbo01
522,David Jones García,24,SAS,SF,11,0,68,.520,.500,.600,.580,.500,.579,.240,.200,110,91,167,106,64,100,91,48,1.7,-0.1,,jonesda06
523,Antonio Reeves,25,CHO,SG,10,0,68,.500,.429,.538,.675,,.675,.000,.650,106,78,150,124,,116,0,157,5.2,3.7,,reevean01
524,Kadary Richmond,24,WAS,SG,3,0,67,.625,.667,.500,.688,1.000,.722,.188,.250,133,121,139,126,128,124,71,60,4.5,4.9,,richmka01
525,Monte Morris,30,IND,PG,6,0,65,.350,.417,.250,.400,.500,.414,.200,.400,74,76,70,73,64,71,76,96,-5.8,-7.3,,morrimo01
526,Drew Peterson,26,CHO,PF,6,0,64,.125,.500,.000,.125,.500,.148,.125,.750,27,91,0,23,64,25,47,181,-13.5,-14.6,,peterdr01
527,Payton Sandfort,23,OKC,SF,4,0,63,.500,.667,.412,.635,.500,.630,.154,.654,106,121,114,116,64,108,58,158,4.6,2.7,,sandfpa01
528,Dalano Banton,26,2TM,PG,6,0,62,.333,.364,.000,.333,1.000,.436,.333,.083,71,66,0,61,128,75,126,20,-5.1,-4.0,,bantoda01
528,Dalano Banton,26,LAC,PG,2,0,10,.750,.750,,.750,,.750,.000,.000,159,136,,137,,129,0,0,1.6,1.3,,bantoda01
528,Dalano Banton,26,BOS,PG,4,0,52,.125,.143,.000,.125,1.000,.307,.500,.125,27,26,0,23,128,53,190,30,-6.7,-5.3,,bantoda01
529,Wendell Moore Jr.,24,DET,SG,6,0,60,.571,.667,.000,.571,1.000,.635,.286,.143,121,121,0,105,128,109,108,34,0.4,0.8,,moorewe01
530,DaQuan Jeffries,28,SAC,SG,3,0,60,.579,.700,.444,.684,1.000,.731,.263,.474,123,127,124,125,128,126,100,114,5.3,6.3,,jeffrda01
531,Jahmir Young,25,MIA,PG,14,0,58,.400,.438,.333,.460,1.000,.483,.080,.360,85,80,93,84,128,83,30,87,-4.3,-5.1,,youngja05
532,James Wiseman,24,IND,C,4,1,58,.600,.600,,.600,.500,.597,.200,.000,127,109,,110,64,103,76,0,1.1,0.3,,wisemja01
533,Riley Minix,25,2TM,SF,9,0,58,.609,.909,.333,.696,1.000,.720,.130,.522,129,165,93,127,128,124,49,126,6.9,6.7,,minixri01
533,Riley Minix,25,SAS,SF,3,0,8,.667,1.000,.333,.750,,.750,.000,.500,142,182,93,137,,129,0,120,2.5,2.0,,minixri01
533,Riley Minix,25,CLE,SF,6,0,50,.588,.875,.333,.676,1.000,.710,.176,.529,125,159,93,124,128,122,67,128,4.4,4.7,,minixri01
534,Johni Broome,23,PHI,C,11,0,55,.167,.211,.000,.167,.333,.188,.250,.208,35,38,0,31,43,32,95,50,-18.2,-21.0,,broomjo01
535,Cody Martin,30,IND,SF,4,0,55,.200,.400,.000,.200,.500,.277,.600,.500,42,73,0,37,64,48,228,120,-6.9,-7.7,,martico01
536,Lawson Lovering,22,MEM,C,2,1,49,.600,.600,,.600,.400,.574,.500,.000,127,109,,110,51,99,190,0,1.1,-0.2,,loverla01
537,Chris Mañon,24,LAL,SG,9,0,46,.333,.667,.000,.333,.750,.451,.667,.500,71,121,0,61,96,78,253,120,-2.5,-2.0,,manonch01
538,Mouhamadou Gueye,27,CHI,PF,2,0,45,.545,.833,.200,.591,.750,.627,.364,.455,116,152,56,108,96,108,138,110,1.0,1.2,,gueyemo01
539,Mo Bamba,27,2TM,C,4,0,44,.455,.455,,.455,,.455,.000,.000,97,83,,83,,78,0,0,-2.0,-2.8,,bambamo01
539,Mo Bamba,27,TOR,C,2,0,6,.000,.000,,.000,,.000,.000,.000,0,0,,0,,0,0,0,-2.2,-2.3,,bambamo01
539,Mo Bamba,27,UTA,C,2,0,38,.556,.556,,.556,,.556,.000,.000,118,101,,102,,96,0,0,0.2,-0.5,,bambamo01
540,Zyon Pullin,24,MIN,SG,5,0,43,.692,.800,.333,.731,1.000,.779,.308,.231,147,145,93,134,128,134,117,56,4.8,5.8,,pullizy01
541,Isaiah Stevens,25,SAC,PG,3,0,43,.429,.500,.000,.429,1.000,.571,.571,.143,91,91,0,79,128,98,217,34,-1.6,-0.2,,steveis01
542,John Tonje,24,BOS,SG,6,0,42,.286,.250,.300,.393,1.000,.476,.286,.714,61,45,83,72,128,82,108,172,-4.3,-3.3,,tonjejo01
543,Hunter Dickinson,25,NOP,C,5,0,42,.357,.500,.000,.357,1.000,.403,.143,.286,76,91,0,65,128,69,54,69,-5.3,-5.3,,dickihu01
544,Dario Šarić,31,SAC,C,5,0,41,.167,.000,.333,.250,1.000,.363,.333,.500,35,0,93,46,128,62,126,120,-3.5,-3.0,,saricda01
545,CJ Huntley,24,PHO,SF,4,0,40,.545,.750,.000,.545,,.545,.000,.273,116,136,0,100,,94,0,66,0.0,-0.8,,huntlcj01
546,Dillon Jones,24,NYK,SF,7,0,39,.222,.250,.200,.278,1.000,.418,.444,.556,47,45,56,51,128,72,169,134,-4.8,-3.5,,jonesdi01
547,Olivier Sarr,26,CLE,C,4,0,39,.714,.750,.667,.857,.400,.761,.714,.429,152,136,185,157,51,131,271,103,4.4,3.3,,sarrol01
548,Skal Labissière,29,WAS,PF,3,0,38,.600,1.000,.200,.650,,.650,.000,.500,127,182,56,119,,112,0,120,2.1,1.4,,labissk01
549,Enrique Freeman,25,MIN,PF,4,0,37,.500,.500,.500,.625,.750,.666,.500,.500,106,91,139,115,96,115,190,120,1.3,1.7,,freemen01
550,Max Shulga,23,BOS,SG,11,1,36,.250,.250,.250,.313,1.000,.394,.250,.500,53,45,70,57,128,68,95,120,-3.7,-3.3,,shulgma01
551,Markelle Fultz,27,TOR,PG,5,0,36,.182,.182,,.182,,.182,.000,.000,39,33,,33,,31,0,0,-8.0,-8.8,,fultzma01
552,Rocco Zikarsky,19,MIN,C,5,0,36,.625,.625,,.625,1.000,.717,.500,.000,133,114,,115,128,123,190,0,1.3,2.7,,zikarro01
553,Isaac Jones,25,2TM,PF,7,1,36,.429,.600,.000,.429,.750,.514,.571,.286,91,109,0,79,96,88,217,69,-1.7,-1.1,,jonesis01
553,Isaac Jones,25,SAC,PF,3,1,17,.500,1.000,.000,.500,.500,.521,1.000,.500,106,182,0,92,64,90,379,120,-0.2,-0.3,,jonesis01
553,Isaac Jones,25,DET,PF,4,0,19,.400,.500,.000,.400,1.000,.510,.400,.200,85,91,0,73,128,88,152,48,-1.5,-0.8,,jonesis01
554,Grant Nelson,23,BRK,PF,4,0,35,.556,.556,,.556,.700,.634,1.111,.000,118,101,,102,89,109,422,0,0.2,1.4,,nelsogr02
555,Emanuel Miller,25,CHI,PF,5,0,33,.462,.571,.333,.538,.500,.540,.154,.462,98,104,93,99,64,93,58,111,-0.2,-1.1,,milleem01
556,Jahmyl Telfort,24,LAC,PF,8,0,32,.000,,.000,.000,.250,.087,1.000,1.000,0,,0,0,32,15,379,241,-4.4,-5.7,,telfoja01
557,Sean Pedulla,23,LAC,PG,7,0,31,.333,.400,.300,.433,,.433,.000,.667,71,73,83,79,,75,0,161,-3.4,-4.4,,pedulse01
558,Harrison Ingram,23,SAS,SF,7,0,26,.833,.800,1.000,.917,,.917,.000,.167,177,145,278,168,,158,0,40,4.5,4.0,,ingraha01
559,Hunter Sallis,22,PHI,SG,7,0,26,.600,.600,,.600,.500,.595,.400,.000,127,109,,110,64,102,152,0,0.5,0.2,,sallihu01
560,Mark Sears,23,MIL,PG,7,0,26,.462,.400,.500,.615,.750,.666,.615,.615,98,73,139,113,96,115,233,148,1.8,2.8,,searsma01
561,Orlando Robinson,25,ORL,C,4,1,25,.600,.667,.500,.700,,.700,.000,.400,127,121,139,128,,120,0,96,1.5,1.2,,robinor01
562,Hayden Gray,22,UTA,,1,0,25,.667,1.000,.000,.667,1.000,.773,.667,.333,142,182,0,122,128,133,253,80,0.7,1.5,,grayha01
563,Vladislav Goldin,24,MIA,C,9,0,24,.750,.750,,.750,1.000,.788,.250,.000,159,136,,137,128,136,95,0,1.6,1.8,,goldivl01
564,Norchad Omier,24,LAC,PF,6,0,24,.700,.778,.000,.700,1.000,.751,.300,.100,149,141,0,128,128,129,114,24,3.1,3.8,,omierno01
565,Alex Morales,28,ORL,PG,4,0,24,.429,.500,.000,.429,1.000,.508,.286,.143,91,91,0,79,128,87,108,34,-1.6,-1.2,,moralal01
566,Jayson Kent,23,POR,SF,5,0,22,.571,1.000,.250,.643,1.000,.672,.143,.571,121,182,70,118,128,116,54,138,1.4,1.3,,kentja01
567,Alex Antetokounmpo,24,MIL,SF,6,0,21,.375,1.000,.286,.500,.733,.651,1.875,.875,80,182,79,92,94,112,711,211,-0.7,2.0,,antetal01
568,Colin Castleton,25,ORL,C,4,0,21,.400,.400,,.400,1.000,.460,.200,.000,85,73,,73,128,79,76,0,-1.5,-1.3,,castlco01
569,Brandon Clarke,29,MEM,PF,2,2,20,.333,.333,,.333,.500,.372,.444,.000,71,61,,61,64,64,169,0,-3.8,-4.5,,clarkbr01
570,Jacob Toppin,25,ATL,SF,5,0,17,.667,.667,,.667,,.667,.000,.000,142,121,,122,,115,0,0,1.5,1.0,,toppija01
571,Chris Livingston,22,CLE,SF,3,0,17,.571,1.000,.000,.571,1.000,.605,.143,.429,121,182,0,105,128,104,54,103,0.4,0.3,,livinch01
572,Trevor Keels,22,MIA,SG,8,0,15,.250,.333,.222,.333,,.333,.000,.750,53,61,62,61,,57,0,181,-5.1,-6.0,,keelstr01
573,Buddy Boeheim,26,OKC,SF,4,0,15,.333,,.333,.500,,.500,.000,1.000,71,,93,92,,86,0,241,-0.5,-1.0,,boehebu01
574,N'Faly Dante,24,ATL,C,4,0,15,.250,.250,,.250,1.000,.338,.250,.000,53,45,,46,128,58,95,0,-2.4,-2.2,,nfalyda01
575,Chucky Hepburn,22,TOR,PG,2,0,13,.000,.000,.000,.000,,.000,.000,.833,0,0,0,0,,0,0,201,-6.5,-7.0,,hepbuch01
576,Tristen Newton,24,HOU,SG,1,0,12,.444,.500,.400,.556,.667,.581,.333,.556,94,91,111,102,85,100,126,134,0.2,0.0,,newtotr01
577,Tosan Evbuomwan,24,NYK,SF,5,0,8,.000,.000,,.000,,.000,.000,.000,0,0,,0,,0,0,0,-1.1,-1.2,,evbuoto01
578,Stanley Umude,26,SAS,SG,2,0,7,.500,1.000,.000,.500,,.500,.000,.500,106,182,0,92,,86,0,120,-0.2,-0.3,,umudest01
579,Colby Jones,23,DET,SG,1,0,7,.333,1.000,.000,.333,,.333,.000,.667,71,182,0,61,,57,0,161,-1.3,-1.5,,jonesco02
580,Noa Essengue,19,CHI,PF,2,0,6,.000,.000,.000,.000,,.000,.000,.667,0,0,0,0,,0,0,161,-3.3,-3.5,,essenno01
581,Trentyn Flowers,20,CHI,SF,2,0,6,.667,1.000,.000,.667,,.667,.000,.333,142,182,0,122,,115,0,80,0.7,0.5,,flowetr01
582,Darius Brown II,26,CLE,SG,1,0,3,.000,.000,,.000,,.000,.000,.000,0,0,,0,,0,0,0,-1.1,-1.2,,brownda04
,League Average,,,,,,,.471,.550,.360,.546,.783,.581,.264,.415,,,,,,,,,,,,-9999