,,,,,,,,Position Estimate,Position Estimate,Position Estimate,Position Estimate,Position Estimate,+/- Per 100 Poss,+/- Per 100 Poss,Turnovers,Turnovers,Fouls Committed,Fouls Committed,Fouls Drawn,Fouls Drawn,Misc.,Misc.,Misc.,,-additional
Rk,Player,Age,Team,Pos,G,GS,MP,PG%,SG%,SF%,PF%,C%,OnCourt,On-Off,BadPass,LostBall,Shoot,Off.,Shoot,Off.,PGA,And1,Blkd,Awards,-9999
1,Amen Thompson,23,HOU,PG,79,79,2953,83,16,1,0,0,6.6,5.5,92,72,80,14,191,12,1040,51,68,,thompam01
2,Kevin Durant,37,HOU,SF,78,78,2840,0,32,61,8,0,5.1,-0.3,136,81,80,21,162,2,847,38,41,AS,duranke01
3,Desmond Bane,27,ORL,SG,82,82,2756,2,69,29,0,0,2.0,4.8,79,48,119,19,128,7,817,37,82,,banede01
4,Toumani Camara,25,POR,PF,82,82,2731,0,0,2,84,14,0.8,3.9,92,38,111,8,57,106,508,12,44,,camarto01
5,Jabari Smith Jr.,22,HOU,PF,77,77,2705,0,0,8,83,10,4.8,-1.3,39,40,94,14,89,8,352,15,53,,smithja05
6,Mikal Bridges,29,NYK,SF,82,82,2692,0,8,65,27,0,6.7,-0.4,44,23,78,2,42,21,774,11,19,,bridgmi01
7,Scottie Barnes,24,TOR,PF,80,80,2681,0,0,2,67,31,4.3,4.3,131,40,106,21,139,19,1086,34,48,AS,barnesc01
8,Tyrese Maxey,25,PHI,PG,70,70,2661,98,3,0,0,0,0.9,3.4,88,64,69,9,175,9,1109,41,70,AS,maxeyty01
9,Jamal Murray,28,DEN,PG,75,75,2652,100,0,0,0,0,6.7,4.8,116,38,73,7,142,24,1288,35,57,AS,murraja01
10,Derrick White,31,BOS,SG,77,77,2625,22,75,4,0,0,11.2,9.7,77,43,71,3,94,36,1012,20,34,,whitede01
11,VJ Edgecombe,20,PHI,SG,75,75,2623,28,72,0,0,0,0.8,3.1,68,51,126,7,82,8,754,19,54,,edgecvj01
12,Julius Randle,31,MIN,PF,79,79,2610,0,0,3,93,5,4.3,2.4,102,74,91,24,239,2,1020,65,61,,randlju01
13,Brandon Ingram,28,TOR,SF,77,77,2604,0,4,76,20,0,0.9,-5.9,75,75,80,21,168,1,707,38,69,AS,ingrabr01
14,Nickeil Alexander-Walker,27,ATL,SG,78,71,2603,33,63,4,0,0,4.2,5.2,92,51,93,5,121,64,700,24,60,,alexani01
15,Jalen Brunson,29,NYK,PG,74,74,2590,96,4,0,0,0,6.0,-2.3,108,54,93,8,176,54,1214,49,49,AS,brunsja01
16,Payton Pritchard,28,BOS,PG,79,50,2556,100,0,0,0,0,7.4,-1.4,47,30,48,14,40,6,1003,9,41,,pritcpa01
17,Kon Knueppel,20,CHO,SF,81,80,2551,0,46,49,5,0,5.6,2.6,74,63,91,10,99,8,683,21,51,,knuepko01
18,Jalen Johnson,24,ATL,SF,72,72,2532,0,0,8,92,0,3.3,2.4,141,60,75,21,193,7,1378,48,86,AS,johnsja05
19,Dyson Daniels,22,ATL,SG,76,76,2520,1,46,52,1,0,6.5,11.2,78,38,81,10,68,19,1094,21,42,,daniedy01
20,Paolo Banchero,23,ORL,PF,72,72,2502,0,0,0,95,5,0.1,-1.2,94,96,78,17,300,2,907,57,88,,banchpa01
21,Donte DiVincenzo,29,MIN,SG,82,82,2494,44,50,6,0,0,6.3,7.6,79,26,83,8,34,28,724,8,15,,divindo01
22,Jaylen Brown,29,BOS,SF,71,71,2443,0,13,64,23,0,6.2,-4.6,77,116,79,40,261,5,924,64,93,AS,brownja02
23,James Harden,36,2TM,PG,70,70,2438,46,52,2,0,0,1.4,-1.5,159,66,61,15,219,3,1310,39,80,,hardeja01
23,James Harden,36,LAC,PG,44,44,1559,34,66,1,0,0,-0.1,-2.2,106,42,38,10,156,2,844,29,60,,hardeja01
23,James Harden,36,CLE,PG,26,26,879,68,28,5,0,0,4.0,-0.3,53,24,23,5,63,1,466,10,20,,hardeja01
24,DeMar DeRozan,36,SAC,PF,77,77,2406,0,6,55,39,0,-12.1,-4.9,51,26,78,9,201,15,786,47,38,,derozde01
25,Alperen Şengün,23,HOU,C,72,72,2398,0,0,0,14,86,2.9,-5.7,105,71,143,31,170,20,1057,48,64,AS,sengual01
26,Miles Bridges,27,CHO,PF,77,77,2387,0,0,3,95,2,3.3,-3.6,60,25,66,14,117,7,645,18,37,,bridgmi02
27,Rudy Gobert,33,MIN,C,76,76,2380,0,0,0,0,100,5.1,3.9,37,40,98,19,136,5,326,26,39,,goberru01
28,Ryan Rollins,23,MIL,PG,74,67,2376,96,4,0,0,0,-3.1,8.5,112,65,94,12,61,6,1031,12,73,,rolliry01
29,Bam Adebayo,28,MIA,C,73,73,2365,0,0,0,21,79,6.4,9.5,46,52,57,9,188,4,574,39,37,,adebaba01
30,Cooper Flagg,19,DAL,SF,70,70,2344,0,1,37,60,1,-5.7,0.2,52,78,77,11,157,3,767,39,79,,flaggco01
31,Donovan Mitchell,29,CLE,SG,70,70,2342,19,54,25,2,0,6.9,6.9,114,61,72,8,167,10,966,40,47,AS,mitchdo01
32,Trey Murphy III,25,NOP,SF,66,66,2341,0,29,63,8,0,-3.8,1.9,62,45,76,8,102,12,581,23,24,,murphtr02
33,Brandin Podziemski,22,GSW,SG,82,43,2333,10,49,37,4,0,-0.9,-0.8,72,31,51,12,104,40,789,19,27,,podzibr01
34,Karl-Anthony Towns,30,NYK,C,75,75,2322,0,0,0,0,100,7.0,0.4,50,59,119,65,210,6,520,56,73,AS,townska01
35,Jaden McDaniels,25,MIN,PF,73,73,2316,0,1,88,9,1,3.2,-0.7,62,46,111,9,80,17,487,17,42,,mcdanja02
36,Onyeka Okongwu,25,ATL,C,74,63,2297,0,0,0,3,97,1.8,-1.6,41,34,138,34,94,4,558,20,51,,okongon01
37,Luka Dončić,26,LAL,PG,64,64,2289,86,14,0,0,0,3.9,4.8,169,59,66,11,285,21,1229,64,28,AS,doncilu01
38,Wendell Carter Jr.,26,ORL,C,78,78,2288,0,0,0,0,100,1.6,2.6,30,31,156,27,111,8,374,20,43,,cartewe01
39,Collin Gillespie,26,PHO,PG,80,58,2282,88,12,0,0,0,3.7,4.9,68,36,64,5,35,35,903,9,29,,gilleco01
40,Bub Carrington,20,WAS,PG,82,48,2271,87,13,0,0,0,-15.2,-8.6,142,33,107,7,34,6,886,7,20,,carrica01
41,A.J. Green,26,MIL,SG,78,68,2270,17,61,22,0,0,-3.7,6.6,38,23,114,4,13,16,384,3,12,,greenaj01
42,Julian Champagnie,24,SAS,SF,82,68,2266,0,5,52,43,1,12.1,9.7,43,14,76,4,47,4,310,8,11,,champju02
43,Nikola Jokić,30,DEN,C,65,65,2265,0,0,0,0,100,10.7,13.5,151,67,75,14,174,4,1655,45,50,AS,jokicni01
44,CJ McCollum,34,2TM,PG,76,60,2264,77,23,0,0,0,0.7,7.0,76,40,65,11,107,0,733,28,45,,mccolcj01
44,CJ McCollum,34,WAS,SG,35,35,1082,55,45,0,0,0,-9.1,3.4,33,16,31,5,49,0,312,16,20,,mccolcj01
44,CJ McCollum,34,ATL,PG,41,25,1182,97,3,0,0,0,9.8,10.4,43,24,34,6,58,0,421,12,25,,mccolcj01
45,Shai Gilgeous-Alexander,27,OKC,PG,68,68,2259,100,0,0,0,0,16.5,12.3,81,48,68,12,274,5,1130,61,57,AS,gilgesh01
46,Matas Buzelis,21,CHI,PF,77,77,2248,0,0,12,80,8,-5.8,-1.9,60,85,111,5,112,6,385,21,57,,buzelma01
47,Saddiq Bey,26,NOP,SF,72,64,2246,0,2,51,46,0,-3.8,1.7,28,22,39,10,148,5,446,29,52,,beysa01
48,Max Christie,22,DAL,SG,77,68,2244,26,68,5,1,0,-6.9,-2.5,43,35,67,6,55,13,358,9,41,,chrisma02
49,De'Aaron Fox,28,SAS,PG,72,72,2231,99,1,0,0,0,9.3,3.2,92,58,70,7,109,15,1108,21,54,AS,foxde01
50,Immanuel Quickley,26,TOR,PG,70,70,2231,80,21,0,0,0,2.6,-0.7,63,22,45,6,100,27,975,24,42,,quickim01
51,Kris Dunn,31,LAC,PG,82,68,2230,85,16,0,0,0,1.5,0.7,69,21,93,9,36,6,697,10,23,,dunnkr01
52,OG Anunoby,28,NYK,PF,67,67,2224,0,0,8,90,2,9.0,5.1,59,35,89,14,100,11,367,18,54,,anunoog01
53,Royce O'Neale,32,PHO,SF,78,67,2213,0,7,69,23,0,-3.1,-11.0,64,16,90,13,9,7,505,1,7,,onealro01
54,Quentin Grimes,25,PHI,SG,75,19,2206,1,55,43,0,0,0.3,1.1,64,47,83,6,100,18,590,20,31,,grimequ01
55,Deni Avdija,25,POR,SF,66,66,2199,0,23,62,14,0,-0.2,0.6,133,91,104,21,286,6,1119,68,79,AS,avdijde01
56,Naji Marshall,28,DAL,SF,74,47,2184,0,22,57,20,0,-4.8,2.1,61,28,71,18,143,4,580,34,47,,marshna01
57,Cade Cunningham,24,DET,PG,64,64,2172,83,17,0,0,0,10.9,5.9,147,67,94,14,165,8,1476,40,70,AS,cunnica01
58,Reed Sheppard,21,HOU,SG,82,21,2147,29,64,8,0,0,3.2,-4.4,81,32,110,3,31,2,661,8,36,,sheppre01
59,Devin Booker,29,PHO,SG,64,64,2146,5,54,38,3,0,4.3,6.1,98,80,77,16,220,25,988,56,63,AS,bookede01
60,Anthony Edwards,24,MIN,SG,61,60,2137,1,64,34,1,0,3.4,-0.2,81,61,43,11,195,4,549,40,29,AS,edwaran01
61,Tim Hardaway Jr.,33,DEN,SG,80,6,2127,4,54,40,2,0,4.0,-2.4,20,14,47,8,80,19,253,14,18,,hardati02
62,Jaime Jaquez Jr.,24,MIA,SF,75,1,2121,1,12,38,50,0,3.2,1.6,67,59,77,13,107,1,861,32,72,,jaqueja01
63,Duncan Robinson,31,DET,SF,77,77,2113,0,6,78,16,0,10.1,4.2,32,13,93,5,36,19,357,13,16,,robindu01
64,Jeremiah Fears,19,NOP,PG,82,49,2112,92,8,0,0,0,-6.9,-5.0,105,50,58,15,119,5,656,28,88,,fearsje01
65,Donovan Clingan,21,POR,C,77,77,2094,0,0,0,0,100,0.6,2.1,43,30,130,14,101,5,381,24,41,,clingdo01
66,Kawhi Leonard,34,LAC,SF,65,65,2085,0,3,67,30,1,8.1,14.5,52,60,35,11,192,0,585,54,34,AS,leonaka01
67,Evan Mobley,24,CLE,PF,65,63,2074,0,0,0,35,65,5.9,3.7,42,59,114,8,154,1,573,41,48,,mobleev01
68,Andrew Wiggins,30,MIA,SF,68,68,2063,1,16,49,35,0,0.4,-4.5,45,39,103,7,77,8,449,18,41,,wiggian01
69,Jake LaRavia,24,LAL,PF,82,43,2061,0,5,56,39,1,0.5,-3.0,43,26,97,10,69,9,343,14,28,,laravja01
70,Pascal Siakam,31,IND,PF,62,62,2057,0,0,6,84,11,-5.1,5.5,44,53,63,30,180,5,590,47,48,AS,siakapa01
71,Cason Wallace,22,OKC,SG,77,58,2046,19,67,13,0,0,13.0,3.7,44,21,77,3,28,4,496,3,40,,wallaca01
72,Devin Vassell,25,SAS,SG,67,65,2044,16,54,31,0,0,11.1,6.4,34,17,50,6,49,3,399,11,18,,vassede01
73,Stephon Castle,21,SAS,PG,68,67,2038,48,52,0,0,0,9.3,2.8,115,71,87,11,199,26,1246,44,68,,castlst01
74,Derik Queen,21,NOP,C,81,48,2023,0,0,0,16,84,-7.2,-5.5,91,67,119,22,131,10,683,26,61,,queende01
75,LaMelo Ball,24,CHO,PG,72,69,2017,94,6,0,0,0,7.7,6.3,114,49,78,18,59,18,1263,15,53,,ballla01
76,Naz Reid,26,MIN,C,77,3,2007,0,0,0,45,55,3.8,0.5,60,41,118,13,60,11,422,17,40,,reidna01
77,Davion Mitchell,27,MIA,PG,70,70,2000,100,0,0,0,0,4.2,3.3,76,21,94,4,31,36,1128,3,22,,mitchda01
78,Bruce Brown,29,DEN,SG,82,4,1998,31,64,5,0,0,-0.4,-11.0,52,24,99,6,60,5,413,12,41,,brownbr01
79,Chet Holmgren,23,OKC,PF,69,69,1997,0,0,1,37,62,16.7,10.9,25,48,94,22,126,13,272,22,52,AS,holmgch01
80,Josh Hart,30,NYK,SF,66,52,1994,0,41,51,9,0,5.3,-3.0,71,33,76,13,60,14,785,20,37,,hartjo01
81,LeBron James,41,LAL,SF,60,60,1989,0,22,59,19,0,3.1,2.3,104,53,28,18,151,3,1008,35,45,AS,jamesle01
82,Ace Bailey,19,UTA,SF,72,61,1988,0,4,51,41,5,-10.8,-5.4,52,28,152,9,40,2,324,6,29,,baileac01
83,Harrison Barnes,33,SAS,PF,77,52,1986,0,0,4,88,8,7.2,-1.5,34,19,52,7,54,10,345,11,21,,barneha02
84,Jalen Duren,22,DET,C,70,70,1976,0,0,0,0,100,11.2,6.0,47,44,115,25,217,1,318,55,82,AS,durenja01
85,Brandon Miller,23,CHO,SF,65,65,1968,0,3,87,10,0,8.2,7.1,81,47,89,29,93,8,553,18,31,,millebr02
86,Maxime Raynaud,22,SAC,C,74,56,1964,0,0,0,0,100,-11.8,-3.2,34,31,105,14,77,1,234,16,37,,raynama01
87,Deandre Ayton,27,LAL,C,72,72,1958,0,0,0,0,100,0.4,-3.1,20,35,105,14,65,1,144,13,27,,aytonde01
88,Jarace Walker,22,IND,PF,76,41,1953,0,2,58,40,0,-10.6,-5.8,69,53,74,8,81,1,448,15,30,,walkeja02
89,Sam Hauser,28,BOS,PF,78,49,1934,0,0,20,77,3,9.0,2.2,17,11,59,6,8,7,293,4,8,,hausesa01
90,Rui Hachimura,27,LAL,PF,68,41,1927,0,0,1,89,10,1.9,-0.1,19,11,54,9,38,2,140,6,23,,hachiru01
91,Neemias Queta,26,BOS,C,76,75,1926,0,0,0,0,100,13.0,9.8,23,22,131,25,75,2,315,17,36,,quetane01
92,Nic Claxton,26,BRK,C,69,68,1920,0,0,0,0,100,-13.2,-5.4,35,28,57,20,113,8,616,31,45,,claxtni01
93,Myles Turner,29,MIL,C,71,71,1912,0,0,0,0,100,-5.9,1.0,26,26,125,20,83,4,261,19,32,,turnemy01
94,Keldon Johnson,26,SAS,SF,82,0,1911,0,22,62,16,0,7.3,-1.4,28,28,63,7,80,8,266,20,57,,johnske04
95,Anthony Black,22,ORL,PG,64,40,1910,49,50,1,0,0,0.5,-0.1,70,44,89,5,115,16,554,32,54,,blackan01
96,Tristan Da Silva,24,ORL,SF,77,34,1899,0,4,83,13,0,2.4,3.6,42,14,61,3,39,4,285,7,23,,dasiltr01
97,Moussa Diabaté,24,CHO,C,73,47,1899,0,0,0,1,99,10.4,10.7,26,10,73,13,79,4,359,16,38,,diabamo01
98,Ausar Thompson,23,DET,SF,73,72,1896,1,65,27,7,0,12.2,7.5,52,38,72,7,89,15,538,16,42,,thompau01
99,Nique Clifford,23,SAC,SG,75,28,1882,20,48,29,3,0,-5.2,9.5,65,37,88,6,47,13,419,6,39,,cliffni01
100,Ayo Dosunmu,26,2TM,SG,69,19,1881,29,58,12,0,0,-1.5,0.6,42,37,69,5,73,3,611,23,58,,dosunay01
100,Ayo Dosunmu,26,CHI,SG,45,10,1187,18,63,19,1,0,-3.7,1.9,28,25,40,4,52,3,411,16,42,,dosunay01
100,Ayo Dosunmu,26,MIN,SG,24,9,694,48,51,1,0,0,2.2,-1.6,14,12,29,1,21,0,200,7,16,,dosunay01
101,John Collins,28,LAC,PF,69,56,1872,0,0,0,89,10,-0.8,-3.9,29,34,101,21,76,2,170,30,44,,collijo01
102,Draymond Green,35,GSW,PF,68,68,1869,0,0,6,52,43,-2.7,-4.0,138,19,97,23,37,16,907,9,16,,greendr01
103,Victor Wembanyama,22,SAS,C,64,55,1866,0,0,0,0,100,16.4,16.0,50,66,81,28,182,12,484,35,33,AS,wembavi01
104,Russell Westbrook,37,SAC,SF,64,58,1853,8,48,38,7,0,-11.9,-3.3,146,47,55,4,88,2,951,13,42,,westbru01
105,Jamal Shead,23,TOR,PG,82,12,1852,100,0,0,0,0,5.7,5.3,87,13,62,7,43,66,1025,9,32,,sheadja01
106,Pelle Larsson,24,MIA,SG,70,54,1849,1,28,68,3,0,2.7,0.4,62,27,76,7,112,38,563,26,35,,larsspe01
107,Luguentz Dort,26,OKC,SF,69,69,1849,0,1,41,56,1,9.0,-4.2,27,12,80,12,26,45,214,8,14,,dortlu01
108,Sion James,23,CHO,SG,82,19,1843,10,64,25,2,0,4.4,-0.5,28,16,55,7,44,22,419,6,28,,jamessi01
109,Zion Williamson,25,NOP,PF,62,55,1841,0,0,7,83,10,-2.6,3.6,50,54,82,17,243,1,511,60,82,,willizi01
110,Jaylen Wells,22,MEM,SG,69,69,1821,0,9,77,13,1,-4.3,3.0,39,22,75,4,73,41,270,14,34,,wellsja01
111,Nikola Vučević,35,2TM,C,64,49,1818,0,0,0,1,99,-1.4,1.8,49,20,86,12,30,1,524,5,30,,vucevni01
111,Nikola Vučević,35,CHI,C,48,48,1480,0,0,0,0,100,-4.0,1.5,41,17,68,7,25,0,445,4,24,,vucevni01
111,Nikola Vučević,35,BOS,C,16,1,338,0,0,0,5,95,10.4,2.7,8,3,18,5,5,1,79,1,6,,vucevni01
112,Oso Ighodaro,23,PHO,PF,82,24,1808,0,0,0,3,97,5.0,6.2,49,22,110,24,55,3,467,17,28,,ighodos01
113,Kyle Kuzma,30,MIL,PF,69,43,1806,0,5,52,43,0,-7.5,-1.9,46,41,81,16,99,10,456,28,37,,kuzmaky01
114,Kyle Filipowski,22,UTA,C,77,41,1801,0,0,0,16,84,-6.9,2.1,61,40,126,15,98,6,466,17,50,,filipky01
115,Andrew Nembhard,26,IND,PG,57,57,1786,77,23,0,0,0,-10.0,-4.1,62,49,52,8,104,12,1053,17,38,,nembhan01
116,Keyonte George,22,UTA,PG,54,54,1786,100,0,0,0,0,-8.8,-1.3,74,54,45,17,170,17,778,36,57,,georgke01
117,Noah Clowney,21,BRK,PF,66,60,1780,0,0,15,81,4,-8.9,2.7,37,41,84,14,96,15,271,14,39,,clownno01
118,Jaylon Tyson,23,CLE,SG,66,42,1777,0,23,55,23,0,3.6,-1.1,54,30,71,9,53,7,367,18,40,,tysonja01
119,Marcus Smart,31,LAL,SG,62,54,1769,25,72,3,0,0,7.4,9.9,62,17,77,9,53,38,417,13,13,,smartma01
120,Brice Sensabaugh,22,UTA,SF,75,22,1762,0,24,56,20,1,-9.7,-2.9,66,34,86,10,99,12,337,26,49,,sensabr01
121,Austin Reaves,27,LAL,SG,51,45,1762,16,50,34,1,0,4.8,5.2,83,53,54,7,138,36,640,28,37,,reaveau01
122,Tre Jones,26,CHI,PG,65,41,1752,98,2,0,0,0,-3.4,2.8,47,32,30,7,94,21,875,16,51,,jonestr01
123,Sandro Mamukelashvili,26,TOR,C,80,13,1751,0,0,0,8,93,5.2,4.1,37,12,85,10,84,3,366,22,33,,mamuksa01
124,Tobias Harris,33,DET,PF,63,63,1746,0,0,0,99,1,9.4,2.1,23,25,73,9,75,2,368,24,35,,harrito02
125,Precious Achiuwa,26,SAC,C,73,57,1745,0,0,0,83,17,-7.2,5.4,16,31,77,8,70,6,237,15,43,,achiupr01
126,P.J. Washington,27,DAL,PF,56,53,1736,0,0,2,85,14,-6.9,-2.1,41,37,68,10,92,5,235,24,43,,washipj01
127,Josh Giddey,23,CHI,PG,54,51,1731,49,48,3,0,0,-5.1,-0.1,123,52,51,7,103,7,1209,17,44,,giddejo01
128,RJ Barrett,25,TOR,SF,57,57,1726,0,55,39,6,0,4.9,3.6,57,24,77,10,148,10,446,32,70,,barrerj01
129,Jay Huff,27,IND,C,82,47,1719,0,0,0,0,100,-6.9,1.6,32,20,125,17,47,3,298,16,20,,huffja01
130,Norman Powell,32,MIA,SG,58,52,1717,9,87,4,0,0,0.5,-3.6,39,51,53,4,135,2,338,30,51,AS,powelno01
131,Cam Spencer,25,MEM,SG,72,20,1714,53,43,4,0,0,-4.0,3.3,68,19,49,2,46,4,946,12,16,,spencca01
132,Kel'el Ware,21,MIA,C,77,34,1704,0,0,0,0,100,-1.0,-6.2,28,18,86,11,45,2,139,10,26,,wareke01
133,Dillon Brooks,30,PHO,SF,56,56,1702,0,0,7,91,2,-0.6,-3.9,33,31,69,20,84,22,240,13,29,,brookdi01
134,Dennis Schröder,32,2TM,PG,70,17,1697,100,0,0,0,0,-6.3,-1.9,77,32,46,5,88,20,805,20,45,,schrode01
134,Dennis Schröder,32,SAC,PG,40,14,1056,100,0,0,0,0,-11.1,-1.3,49,22,31,3,55,14,490,12,29,,schrode01
134,Dennis Schröder,32,CLE,PG,30,3,641,100,0,0,0,0,1.7,-2.9,28,10,15,2,33,6,315,8,16,,schrode01
135,Isaac Okoro,25,CHI,SG,63,62,1695,0,33,61,6,0,-8.4,-5.9,20,18,77,6,56,20,252,12,28,,okorois01
136,Jerami Grant,31,POR,PF,57,38,1695,0,0,58,39,3,-0.1,0.5,51,45,68,14,139,10,312,31,55,,grantje01
137,Dominick Barlow,22,PHI,PF,71,59,1689,0,0,0,89,11,0.9,1.9,25,15,86,9,74,2,219,23,26,,barlodo01
138,Michael Porter Jr.,27,BRK,SF,52,52,1689,0,3,76,21,0,-7.1,5.9,52,34,52,19,107,2,369,37,38,,portemi01
139,Luke Kennard,29,2TM,SG,78,6,1681,10,50,39,1,0,1.0,-1.6,38,15,54,4,22,5,425,5,18,,kennalu01
139,Luke Kennard,29,ATL,SG,46,0,944,6,51,43,0,0,-0.3,-3.7,20,8,29,2,9,3,243,3,12,,kennalu01
139,Luke Kennard,29,LAL,SG,32,6,737,15,48,35,3,0,2.8,1.0,18,7,25,2,13,2,182,2,6,,kennalu01
140,Cameron Johnson,29,DEN,SF,54,54,1647,0,0,36,62,2,9.6,7.7,25,17,71,4,43,9,312,11,27,,johnsca02
141,Brook Lopez,37,LAC,C,75,40,1635,0,0,0,0,100,1.8,0.9,18,16,84,17,39,3,243,14,19,,lopezbr01
142,Will Riley,19,WAS,SF,74,18,1633,0,0,15,77,8,-14.2,-4.4,48,25,59,4,80,5,347,18,26,,rileywi01
143,Cody Williams,21,UTA,SG,67,41,1631,3,46,43,9,0,-11.0,-5.0,28,31,62,8,55,5,333,10,44,,willico04
144,Bennedict Mathurin,23,2TM,SF,54,25,1620,2,35,51,12,1,-3.8,-0.2,52,42,68,15,145,9,318,32,32,,mathube01
144,Bennedict Mathurin,23,IND,SF,28,24,891,0,35,61,5,0,-10.9,-4.0,27,23,38,8,68,6,157,14,12,,mathube01
144,Bennedict Mathurin,23,LAC,SF,26,1,729,4,35,39,21,2,4.8,4.4,25,19,30,7,77,3,161,18,20,,mathube01
145,Bobby Portis,30,MIL,PF,67,9,1619,0,0,8,68,24,-7.9,-2.5,26,23,63,9,25,1,269,7,22,,portibo01
146,Collin Sexton,27,2TM,SG,68,22,1614,35,54,11,0,0,-4.4,-6.6,56,56,59,19,116,16,524,29,58,,sextoco01
146,Collin Sexton,27,CHO,SG,42,12,938,55,44,1,0,0,-2.5,-9.5,39,32,29,11,67,10,375,15,30,,sextoco01
146,Collin Sexton,27,CHI,SG,26,10,676,6,68,25,1,0,-7.0,-2.4,17,24,30,8,49,6,149,14,28,,sextoco01
147,Cedric Coward,22,MEM,SG,62,47,1598,1,65,30,4,0,0.1,10.1,40,41,57,11,80,10,402,19,46,,cowarce01
148,Peyton Watson,23,DEN,SF,54,40,1598,0,16,52,32,0,6.1,1.6,44,31,80,13,82,10,285,16,32,,watsope01
149,Herbert Jones,27,NOP,SF,56,56,1588,17,58,23,2,0,-1.8,4.6,45,15,84,6,28,14,360,6,27,,joneshe01
150,Jalen Suggs,24,ORL,PG,57,56,1574,89,11,0,0,0,5.0,7.6,93,35,71,13,43,21,716,8,24,,suggsja01
151,Kelly Oubre Jr.,30,PHI,SF,50,41,1574,0,2,75,23,0,-1.6,-2.3,26,26,63,5,74,20,184,20,33,,oubreke01
152,Jordan Goodwin,27,PHO,PG,70,10,1572,40,52,8,0,0,4.2,4.3,38,20,52,6,21,17,357,6,31,,goodwjo01
153,Jrue Holiday,35,POR,PG,53,51,1560,75,25,0,0,0,5.5,9.8,91,45,35,3,34,10,759,7,38,,holidjr01
154,Dylan Harper,19,SAS,SG,69,4,1558,9,60,31,0,0,9.6,2.7,43,34,54,9,61,5,663,19,55,,harpedy01
155,Ron Holland,20,DET,SF,78,5,1551,0,0,25,75,0,5.2,-5.0,34,42,76,8,71,30,230,23,46,,hollaro01
156,Tari Eason,24,HOU,PF,60,34,1549,0,1,58,39,2,7.0,3.0,38,20,68,10,33,2,216,11,43,,easonta01
157,Kevin Huerter,27,2TM,SF,69,14,1549,0,27,63,10,0,1.8,3.2,48,19,67,2,37,6,414,12,26,,huertke01
157,Kevin Huerter,27,CHI,SF,44,11,1037,0,12,75,13,0,-1.8,4.3,35,13,53,0,30,3,271,10,19,,huertke01
157,Kevin Huerter,27,DET,SG,25,3,512,1,59,39,2,0,9.1,1.0,13,6,14,2,7,3,143,2,7,,huertke01
158,Moses Moody,23,GSW,SG,60,49,1540,0,18,61,21,0,2.3,4.7,30,16,58,7,51,5,246,11,24,,moodymo01
159,Terance Mann,29,BRK,SG,63,51,1529,9,61,29,1,0,-8.9,2.5,44,22,67,1,38,14,470,5,22,,mannte01
160,Jarrett Allen,27,CLE,C,56,56,1519,0,0,0,0,100,6.7,4.1,26,31,50,13,108,8,235,15,35,,allenja01
161,Isaiah Collier,21,UTA,PG,59,19,1517,52,46,2,0,0,-13.7,-9.0,86,39,68,10,99,3,1033,20,54,,colliis01
162,Isaiah Joe,26,OKC,SG,71,9,1507,55,46,0,0,0,10.8,-0.7,23,14,64,5,36,33,235,8,17,,joeis01
163,Jock Landale,30,2TM,C,68,27,1506,0,0,0,0,100,-2.4,1.3,24,12,90,21,44,4,289,6,32,,landajo01
163,Jock Landale,30,MEM,C,45,25,1060,0,0,0,0,100,-5.0,1.3,17,10,58,16,34,3,191,4,24,,landajo01
163,Jock Landale,30,ATL,C,23,2,446,0,0,0,0,100,3.7,1.4,7,2,32,5,10,1,98,2,8,,landajo01
164,Zaccharie Risacher,20,ATL,SF,67,46,1503,0,2,90,8,0,-0.3,-4.4,22,22,82,6,44,1,184,11,30,,risacza01
165,Klay Thompson,35,DAL,SF,69,8,1497,5,38,53,5,0,-6.1,-0.6,33,20,45,5,11,2,218,0,10,,thompkl01
166,Ryan Kalkbrenner,24,CHO,C,69,31,1479,0,0,0,0,100,-0.1,-7.8,15,15,61,24,54,1,140,13,27,,kalkbry01
167,Keon Ellis,26,2TM,SG,72,11,1478,28,56,15,2,0,-5.2,-2.4,20,15,81,2,26,26,177,6,7,,elliske01
167,Keon Ellis,26,SAC,SG,43,5,758,52,46,2,0,0,-14.5,-5.3,10,7,49,1,11,12,63,1,3,,elliske01
167,Keon Ellis,26,CLE,SG,29,6,720,1,66,29,3,0,4.7,0.6,10,8,32,1,15,14,114,5,4,,elliske01
168,Ja'Kobe Walter,21,TOR,SG,72,19,1474,12,81,8,0,0,1.1,-2.8,17,8,84,5,42,11,207,9,20,,walteja01
169,Patrick Williams,24,CHI,PF,72,6,1474,0,1,30,65,6,-11.0,-9.6,29,26,58,5,33,0,258,7,29,,willipa01
170,Ajay Mitchell,23,OKC,SG,57,16,1473,13,40,43,4,0,15.4,6.5,47,24,60,7,75,23,506,18,26,,mitchaj01
171,Shaedon Sharpe,22,POR,SG,50,42,1471,41,53,6,0,0,-2.2,-2.8,67,65,34,7,100,9,342,32,57,,sharpsh01
172,Bilal Coulibaly,21,WAS,SG,56,56,1468,2,41,50,7,0,-13.2,-2.6,44,27,72,4,88,5,354,16,31,,coulibi01
173,Grayson Allen,30,PHO,SG,51,27,1467,31,53,15,0,0,0.0,-2.6,48,22,53,6,63,9,479,11,29,,allengr01
174,Brandon Williams,26,DAL,PG,66,15,1463,99,1,0,0,0,-5.6,0.3,77,38,63,5,149,21,603,28,55,,willibr03
175,Daniss Jenkins,24,DET,PG,72,19,1455,92,8,0,0,0,6.6,-2.6,68,33,57,5,54,4,655,8,51,,jenkida01
176,Jaren Jackson Jr.,26,2TM,C,48,48,1454,0,0,0,55,45,-1.6,5.7,27,32,76,34,92,6,237,27,54,,jacksja02
176,Jaren Jackson Jr.,26,MEM,C,45,45,1382,0,0,0,55,46,-3.3,4.0,25,31,72,33,83,6,217,25,53,,jacksja02
176,Jaren Jackson Jr.,26,UTA,C,3,3,72,0,0,0,74,26,31.0,39.8,2,1,4,1,9,0,20,2,1,,jacksja02
177,Javonte Green,32,DET,SG,82,6,1446,8,60,31,2,0,8.4,0.3,35,7,61,1,53,12,129,7,19,,greenja02
178,Ivica Zubac,28,2TM,C,48,47,1446,0,0,0,2,98,-2.6,-4.3,30,32,69,16,61,2,249,22,35,,zubaciv01
178,Ivica Zubac,28,LAC,C,43,42,1328,0,0,0,2,98,-1.2,-3.7,28,31,62,15,55,2,228,18,30,,zubaciv01
178,Ivica Zubac,28,IND,C,5,5,118,0,0,0,3,97,-18.4,-10.9,2,1,7,1,6,0,21,4,5,,zubaciv01
179,Tre Johnson,19,WAS,SG,60,42,1443,13,71,16,0,0,-11.5,0.1,42,39,73,3,29,3,295,5,10,,johnstr03
180,Lauri Markkanen,28,UTA,PF,42,42,1443,0,0,12,68,20,-2.1,9.4,19,33,53,8,112,2,222,33,46,,markkla01
181,Khris Middleton,34,2TM,SF,63,50,1439,0,4,27,67,2,-10.9,-2.0,67,27,80,9,54,8,420,11,25,,middlkh01
181,Khris Middleton,34,WAS,SF,34,34,827,0,0,5,92,3,-7.7,4.9,36,14,46,7,26,7,271,4,17,,middlkh01
181,Khris Middleton,34,DAL,SF,29,16,612,0,10,58,32,0,-15.3,-11.3,31,13,34,2,28,1,149,7,8,,middlkh01
182,Sidy Cissoko,21,POR,SF,75,26,1435,13,38,36,12,0,-1.4,-1.6,30,25,84,8,36,50,279,9,27,,cissosi01
183,Luke Kornet,30,SAS,C,68,25,1430,0,0,0,8,92,4.3,-5.8,11,8,93,7,44,9,299,4,18,,kornelu01
184,Baylor Scheierman,25,BOS,SG,77,20,1429,5,53,41,1,0,7.0,-1.3,23,12,47,3,11,31,299,1,4,,scheiba01
185,Spencer Jones,24,DEN,SF,64,37,1417,0,0,39,58,4,2.3,-4.4,13,3,108,11,23,9,130,1,16,,jonessp01
186,Mark Williams,24,PHO,C,60,55,1416,0,0,0,0,100,-0.9,-4.0,17,18,75,23,92,2,144,28,26,,willima07
187,Aaron Wiggins,27,OKC,SG,65,21,1414,2,31,48,18,0,6.1,-8.1,43,31,54,2,35,2,261,4,28,,wiggiaa01
188,Walter Clayton,22,2TM,PG,69,6,1410,63,36,0,0,0,-9.7,-3.0,69,37,77,4,51,18,673,10,38,,claytwa01
188,Walter Clayton,22,UTA,PG,45,0,811,62,38,0,0,0,-7.1,1.2,31,21,49,3,26,7,336,7,21,,claytwa01
188,Walter Clayton,22,MEM,PG,24,6,599,65,34,1,0,0,-13.3,-8.7,38,16,28,1,25,11,337,3,17,,claytwa01
189,Christian Braun,24,DEN,SG,44,44,1399,0,42,42,16,0,10.4,8.2,21,11,63,8,49,2,291,14,31,,braunch01
190,Gui Santos,23,GSW,PF,68,30,1395,0,0,19,79,2,0.8,2.0,57,27,80,4,60,8,397,15,32,,santogu01
191,Vít Krejčí,25,2TM,PG,65,8,1392,55,42,3,0,0,-1.5,-4.2,22,9,65,6,19,2,245,5,10,,krejcvi01
191,Vít Krejčí,25,ATL,PG,46,8,1028,68,33,0,0,0,-1.8,-5.7,17,6,52,5,12,2,166,1,8,,krejcvi01
191,Vít Krejčí,25,POR,PG,19,0,364,20,67,12,0,0,-0.6,-0.2,5,3,13,1,7,0,79,4,2,,krejcvi01
192,Kyshawn George,22,WAS,SF,48,48,1391,0,1,47,49,3,-11.9,-0.4,64,47,87,9,56,12,510,13,36,,georgky01
193,Ben Sheppard,24,IND,SG,65,20,1390,11,69,20,0,0,-8.6,-1.3,25,12,81,3,22,7,274,5,25,,sheppbe01
194,Justin Champagnie,24,WAS,SF,69,19,1377,0,16,61,22,1,-9.3,3.5,26,10,69,6,56,4,211,14,47,,champju01
195,Will Richard,23,GSW,SG,69,21,1377,19,55,24,2,0,-2.7,-3.3,23,15,65,7,23,9,236,7,12,,richawi02
196,Gary Trent Jr.,27,MIL,SG,65,21,1377,2,36,61,1,0,-12.3,-9.0,22,10,42,7,23,12,186,6,15,,trentga02
197,Sam Merrill,29,CLE,SG,52,38,1377,0,36,54,10,0,7.3,4.8,25,11,59,4,25,18,290,8,10,,merrisa01
198,Anfernee Simons,26,2TM,SG,55,5,1372,49,48,3,0,0,2.2,-5.2,33,26,51,3,33,1,337,10,28,,simonan01
198,Anfernee Simons,26,BOS,SG,49,0,1202,55,45,0,0,0,5.3,-3.7,26,21,43,3,31,1,292,8,25,,simonan01
198,Anfernee Simons,26,CHI,SG,6,5,170,1,74,23,2,0,-20.1,-15.8,7,5,8,0,2,0,45,2,3,,simonan01
199,Jose Alvarado,27,2TM,PG,69,3,1370,100,0,0,0,0,1.6,2.5,52,17,45,5,16,17,541,3,26,,alvarjo01
199,Jose Alvarado,27,NOP,PG,41,0,896,100,0,0,0,0,-4.3,0.3,32,11,34,1,8,10,296,2,15,,alvarjo01
199,Jose Alvarado,27,NYK,PG,28,3,474,100,0,0,0,0,12.7,6.6,20,6,11,4,8,7,245,1,11,,alvarjo01
200,Malik Monk,27,SAC,SG,62,3,1364,35,57,8,0,0,-9.9,0.5,65,20,70,1,44,12,429,6,31,,monkma01
201,Ryan Dunn,23,PHO,SF,70,16,1355,0,4,43,53,0,2.7,1.7,25,13,68,9,23,5,253,3,23,,dunnry01
202,Josh Okogie,27,HOU,SG,78,32,1354,3,74,22,0,0,6.4,1.8,21,15,59,1,33,23,162,5,22,,okogijo01
203,Kobe Sanders,23,LAC,SG,68,16,1351,17,54,28,2,1,0.6,-1.0,42,22,83,10,31,4,262,10,18,,sandeko01
204,Derrick Jones Jr.,28,LAC,SF,50,45,1350,0,29,60,11,0,4.4,4.8,19,11,61,8,52,13,167,22,20,,jonesde02
205,Darius Garland,26,2TM,PG,45,43,1344,92,8,0,0,0,3.0,-0.4,83,39,47,2,49,13,712,7,28,,garlada01
205,Darius Garland,26,CLE,PG,26,26,792,86,14,0,0,0,-2.6,-8.5,51,18,28,1,32,7,424,4,17,,garlada01
205,Darius Garland,26,LAC,PG,19,17,552,100,0,0,0,0,10.9,11.3,32,21,19,1,17,6,288,3,11,,garlada01
206,Aaron Nesmith,26,IND,SF,45,42,1335,0,37,61,3,0,-7.1,1.0,28,18,63,12,48,24,212,14,36,,nesmiaa01
207,Kris Murray,25,POR,SF,57,15,1333,2,46,32,18,2,1.3,2.5,27,12,52,6,29,2,197,6,18,,murrakr01
208,Stephen Curry,37,GSW,PG,43,41,1329,100,0,0,0,0,2.7,5.0,65,34,41,10,92,11,481,24,26,AS,curryst01
209,Jordan Miller,26,LAC,SF,60,1,1325,9,41,41,8,1,0.2,-1.6,25,27,33,4,86,2,341,9,46,,millejo02
210,Drake Powell,20,BRK,SG,63,24,1320,45,43,12,0,0,-15.8,-8.1,29,19,47,2,32,3,235,4,26,,poweldr01
211,Jericho Sims,27,MIL,C,67,19,1318,0,0,0,21,79,-9.6,-4.7,28,13,74,28,34,1,269,10,17,,simsje01
212,Dean Wade,29,CLE,PF,59,38,1318,0,0,14,73,14,6.8,3.9,3,7,55,3,18,9,221,4,11,,wadede01
213,Isaiah Stewart,24,DET,C,58,13,1317,0,0,0,25,75,2.1,-9.1,17,21,67,21,48,3,154,14,23,,stewais01
214,Egor Dёmin,19,BRK,PG,52,45,1308,76,25,0,0,0,-7.3,4.7,51,23,62,4,18,5,439,1,16,,demineg01
215,Alex Sarr,20,WAS,C,48,48,1305,0,0,0,1,99,-11.9,-0.4,26,40,66,10,76,1,332,18,60,,sarral01
216,Yves Missi,21,NOP,C,66,14,1297,0,0,0,0,100,-1.2,4.9,21,14,70,11,46,3,207,14,26,,missiyv01
217,Nicolas Batum,37,LAC,PF,74,6,1295,0,0,24,72,4,-0.6,-2.7,25,4,44,4,2,0,154,0,1,,batumni01
218,Ziaire Williams,24,BRK,SF,56,13,1281,1,22,63,12,3,-10.1,0.5,28,21,58,2,63,16,139,14,20,,willizi02
219,Jordan Clarkson,33,NYK,SG,72,1,1279,1,65,34,0,0,4.6,-3.2,25,19,53,9,46,14,239,11,26,,clarkjo01
220,Jaylin Williams,23,OKC,PF,65,11,1277,0,0,4,35,61,11.2,-0.1,32,12,77,19,35,21,382,9,11,,willija07
221,Kevin Porter Jr.,25,MIL,PG,38,36,1261,44,56,0,0,0,-5.2,1.8,56,38,42,7,74,7,684,17,31,,porteke02
222,Coby White,25,2TM,SG,50,26,1249,47,45,8,0,0,4.4,7.5,55,46,58,11,104,14,504,23,34,,whiteco01
222,Coby White,25,CHI,SG,29,26,843,34,54,12,0,0,0.9,7.5,38,31,35,8,65,11,340,14,22,,whiteco01
222,Coby White,25,CHO,SG,21,0,406,75,25,0,0,0,11.6,7.7,17,15,23,3,39,3,164,9,12,,whiteco01
223,Collin Murray-Boyles,20,TOR,PF,57,22,1246,0,0,8,82,11,2.8,-0.1,27,12,88,11,52,3,262,10,27,,murraco01
224,Nolan Traoré,19,BRK,PG,56,31,1243,97,3,0,0,0,-10.8,-0.6,70,45,74,3,40,4,542,7,36,,traorno01
225,Adem Bona,22,PHI,C,71,18,1234,0,0,0,4,96,0.2,0.6,9,16,70,20,48,5,81,7,26,,bonaad01
226,Andre Drummond,32,PHI,C,63,25,1231,0,0,0,1,99,-2.4,-3.1,25,12,70,17,32,2,185,8,21,,drumman01
227,Pat Spencer,29,GSW,PG,66,14,1229,63,36,1,0,0,-4.1,-5.1,58,22,36,3,23,1,584,3,32,,spencpa01
228,Zach LaVine,30,SAC,SG,39,37,1224,33,37,25,5,0,-12.7,-3.6,31,29,47,2,68,0,211,10,25,,lavinza01
229,Jordan Walsh,21,BOS,PF,68,25,1212,0,3,31,64,2,5.7,-3.1,16,9,64,4,28,6,140,10,17,,walshjo01
230,Jaxson Hayes,25,LAL,C,66,9,1207,0,0,0,0,100,2.6,0.9,13,5,80,11,66,9,149,18,10,,hayesja02
231,Joel Embiid,31,PHI,C,38,38,1201,0,0,0,0,100,5.1,7.6,46,45,46,12,150,2,366,26,39,,embiijo01
232,Marvin Bagley III,26,2TM,PF,60,12,1201,0,0,0,2,98,-8.3,1.4,22,21,89,11,70,10,210,14,30,,baglema01
232,Marvin Bagley III,26,WAS,PF,38,8,731,0,0,0,1,99,-6.6,6.1,14,16,55,8,48,9,137,9,19,,baglema01
232,Marvin Bagley III,26,DAL,PF,22,4,470,0,0,0,5,95,-11.0,-6.0,8,5,34,3,22,1,73,5,11,,baglema01
233,Santi Aldama,25,MEM,PF,43,11,1198,0,0,9,84,7,-2.2,5.3,32,15,41,5,46,9,311,17,11,,aldamsa01
234,Daniel Gafford,27,DAL,C,55,44,1195,0,0,0,0,100,-6.9,-1.5,29,19,100,12,71,4,136,19,41,,gaffoda01
235,Danny Wolf,21,BRK,PF,57,15,1187,0,0,0,78,22,-10.5,-0.1,41,22,87,6,51,1,305,6,32,,wolfda01
236,Jimmy Butler,36,GSW,SF,38,38,1182,0,6,39,54,0,7.6,11.6,34,16,21,8,133,4,474,31,29,,butleji01
237,Mouhamed Gueye,23,ATL,PF,77,8,1179,0,0,0,56,44,3.6,1.6,18,10,72,1,30,3,174,8,11,,gueyemo02
238,GG Jackson II,21,MEM,PF,55,28,1178,0,0,23,33,43,-4.1,2.6,29,36,51,4,81,4,200,19,35,,jacksgg01
239,Bones Hyland,25,MIN,PG,71,3,1177,92,8,0,0,0,4.0,0.7,36,17,50,8,26,6,445,5,29,,hylanbo01
240,De'Andre Hunter,28,2TM,SF,45,25,1176,0,4,59,37,0,-1.5,-7.2,39,30,37,4,57,12,223,14,19,,huntede01
240,De'Andre Hunter,28,CLE,SF,43,23,1125,0,5,58,38,0,-1.5,-8.0,37,28,35,4,55,11,220,14,19,,huntede01
240,De'Andre Hunter,28,SAC,SF,2,2,51,0,0,85,15,0,-1.0,9.4,2,2,2,0,2,1,3,0,0,,huntede01
241,Mitchell Robinson,27,NYK,C,60,16,1175,0,0,0,24,76,8.7,2.6,13,11,84,11,36,2,129,13,10,,robinmi01
242,Simone Fontecchio,30,MIA,SF,70,9,1173,0,0,24,73,3,4.2,2.3,22,12,58,5,39,1,248,8,20,,fontesi01
243,Ryan Nembhard,22,DAL,PG,60,27,1171,100,0,0,0,0,-1.9,5.4,53,22,38,4,12,3,753,3,12,,nembhry01
244,Landry Shamet,28,NYK,SG,51,12,1171,3,85,12,0,0,8.4,2.3,20,6,42,1,29,26,185,6,18,,shamela01
245,Day'Ron Sharpe,24,BRK,C,62,7,1160,0,0,0,0,100,-5.6,6.8,33,29,51,31,68,3,356,14,33,,sharpda01
246,Jared McCain,21,2TM,SG,67,3,1160,14,67,19,0,0,4.8,-0.4,21,21,43,5,26,4,224,3,27,,mccaija01
246,Jared McCain,21,PHI,SG,37,1,620,13,79,9,0,0,4.4,5.5,10,11,20,3,11,1,149,1,17,,mccaija01
246,Jared McCain,21,OKC,SG,30,2,540,15,54,31,1,0,5.2,-7.0,11,10,23,2,15,3,75,2,10,,mccaija01
247,Quinten Post,25,GSW,PF,67,35,1159,0,0,0,7,93,1.8,3.4,21,14,70,15,16,4,224,3,17,,postqu01
248,Svi Mykhailiuk,28,UTA,SF,50,41,1156,0,62,35,2,0,-3.2,6.8,18,16,34,3,16,4,227,6,14,,mykhasv01
249,Caris LeVert,31,DET,SG,60,0,1154,4,33,56,8,0,0.8,-10.4,49,22,56,3,32,7,372,10,20,,leverca01
250,Jakob Poeltl,30,TOR,C,46,44,1149,0,0,0,0,100,1.7,-1.7,26,11,83,15,43,4,216,12,12,,poeltja01
251,Craig Porter Jr.,25,CLE,PG,64,3,1148,86,14,0,0,0,4.6,0.7,46,10,39,0,14,4,490,3,18,,portecr01
252,Gary Payton II,33,GSW,SG,73,1,1142,16,62,20,1,0,-0.1,0.6,32,4,53,21,21,1,300,6,15,,paytoga02
253,Dru Smith,28,MIA,SG,70,1,1141,72,27,1,0,0,-1.1,-5.1,27,21,60,1,52,17,426,13,31,,smithdr01
254,Isaiah Hartenstein,27,OKC,C,47,46,1137,0,0,0,0,100,15.7,6.2,42,14,46,21,56,4,390,15,17,,harteis01
255,Paul George,35,PHI,PF,37,37,1135,0,0,45,55,0,2.9,4.4,37,14,42,7,48,10,311,9,17,,georgpa01
256,Jarred Vanderbilt,26,LAL,PF,65,3,1128,0,0,31,65,5,1.3,-0.8,26,19,53,6,15,11,194,1,23,,vandeja01
257,De'Anthony Melton,27,GSW,PG,49,24,1125,76,24,0,0,0,3.6,5.8,45,35,37,2,56,2,310,12,31,,meltode01
258,Luka Garza,27,BOS,C,69,6,1118,0,0,0,4,96,4.9,-4.2,9,8,91,21,61,7,162,19,25,,garzalu01
259,Taylor Hendricks,22,2TM,PF,59,17,1118,0,0,14,28,58,-9.7,-3.2,21,12,51,8,39,2,138,18,23,,hendrta01
259,Taylor Hendricks,22,UTA,PF,33,6,492,0,0,31,53,16,-15.9,-8.9,10,3,23,3,15,0,58,6,6,,hendrta01
259,Taylor Hendricks,22,MEM,PF,26,11,626,0,0,0,8,92,-4.8,1.3,11,9,28,5,24,2,80,12,17,,hendrta01
260,John Konchar,29,2TM,SG,56,8,1115,3,36,51,9,0,-4.9,2.6,27,7,49,1,24,3,277,6,7,,konchjo01
260,John Konchar,29,MEM,SG,30,1,435,0,6,77,17,0,0.3,7.0,12,2,19,0,8,0,97,3,4,,konchjo01
260,John Konchar,29,UTA,SG,26,7,680,6,56,33,5,0,-8.2,-0.2,15,5,30,1,16,3,180,3,3,,konchjo01
261,Ousmane Dieng,22,2TM,C,57,20,1099,0,0,4,67,29,-9.4,-9.5,40,30,53,2,21,1,335,5,17,,diengou01
261,Ousmane Dieng,22,OKC,C,27,0,295,0,0,1,52,47,5.9,-5.8,2,5,12,1,3,0,71,0,3,,diengou01
261,Ousmane Dieng,22,MIL,C,30,20,804,0,0,6,72,23,-15.0,-10.8,38,25,41,1,18,1,264,5,14,,diengou01
262,Jalen Smith,25,CHI,C,53,21,1095,0,0,0,38,62,4.0,12.4,19,16,77,11,44,7,160,15,19,,smithja04
263,Kentavious Caldwell-Pope,32,MEM,SG,51,14,1088,3,76,19,2,0,-4.5,1.9,31,22,32,3,34,13,329,2,12,,caldwke01
264,Hugo González,19,BOS,SF,74,3,1084,2,21,67,11,0,12.4,6.2,16,13,52,3,11,18,104,3,21,,gonzahu01
265,Jusuf Nurkić,31,UTA,C,41,36,1083,0,0,0,0,100,-7.2,1.2,56,22,66,20,45,6,454,11,30,,nurkiju01
266,Miles McBride,25,NYK,SG,41,15,1080,33,67,0,0,0,10.6,5.2,13,12,39,3,21,5,260,4,11,,mcbrimi01
267,Corey Kispert,26,2TM,SF,58,10,1080,0,26,65,9,0,-7.0,-5.8,23,11,39,5,48,3,224,13,21,,kispeco01
267,Corey Kispert,26,WAS,SF,19,2,370,0,26,56,18,0,-8.2,3.7,9,2,14,1,17,1,78,7,4,,kispeco01
267,Corey Kispert,26,ATL,SF,39,8,710,0,26,70,4,0,-6.4,-10.8,14,9,25,4,31,2,146,6,17,,kispeco01
268,Rayan Rupert,21,2TM,SG,64,8,1072,4,37,38,20,1,-13.8,-12.5,24,20,63,5,23,4,170,1,27,,ruperra01
268,Rayan Rupert,21,POR,SG,48,0,577,8,54,33,6,0,-10.4,-11.6,12,9,24,4,5,2,88,0,13,,ruperra01
268,Rayan Rupert,21,MEM,SG,16,8,495,0,17,43,38,2,-17.7,-13.5,12,11,39,1,18,2,82,1,14,,ruperra01
269,Gradey Dick,22,TOR,SG,76,1,1067,0,44,52,4,0,4.5,2.1,23,15,64,2,36,4,121,7,22,,dickgr01
270,Giannis Antetokounmpo,31,MIL,PF,36,36,1039,0,0,9,62,29,4.1,14.4,32,40,28,27,176,0,527,42,35,AS,antetgi01
271,Tyler Herro,26,MIA,SG,33,28,1033,5,75,20,0,0,-1.9,-5.9,35,18,37,3,47,3,326,12,21,,herroty01
272,Jamir Watkins,24,WAS,SG,50,7,1032,8,44,40,8,0,-6.9,6.4,23,10,50,7,33,12,175,4,14,,watkija01
273,Alex Caruso,31,OKC,SG,56,0,1020,1,24,52,24,0,18.5,9.7,32,12,30,1,22,16,262,3,12,,carusal01
274,Franz Wagner,24,ORL,SF,34,32,1019,0,0,49,50,1,3.5,4.1,23,26,42,2,85,17,275,14,35,,wagnefr01
275,Caleb Love,24,POR,SG,49,1,1013,86,12,2,0,0,-6.3,-7.9,33,26,23,1,17,1,301,0,34,,loveca01
276,Robert Williams,28,POR,C,59,1,1008,0,0,0,5,95,2.5,3.9,22,12,57,5,22,0,147,3,12,,williro04
277,Guerschon Yabusele,30,2TM,C,67,19,1007,0,0,0,33,67,-8.1,-8.6,21,13,42,5,34,2,159,5,17,,yabusgu01
277,Guerschon Yabusele,30,NYK,C,41,0,366,0,0,0,68,32,0.0,-7.6,8,4,25,2,5,1,47,0,9,,yabusgu01
277,Guerschon Yabusele,30,CHI,C,26,19,641,0,0,0,13,87,-12.7,-9.2,13,9,17,3,29,1,112,5,8,,yabusgu01
278,Aaron Gordon,30,DEN,PF,36,33,1005,0,0,0,79,21,12.8,10.2,22,9,36,3,75,1,230,17,14,,gordoaa01
279,Nae'Qwan Tomlin,25,CLE,PF,64,3,1004,0,0,17,75,8,4.3,0.2,14,6,57,6,25,2,131,3,25,,tomlina01
280,Mike Conley,38,MIN,PG,54,15,991,100,0,0,0,0,1.2,-3.1,24,4,51,3,13,15,377,0,3,,conlemi01
281,Olivier-Maxence Prosper,23,MEM,PF,53,24,984,0,2,19,63,16,-9.1,-4.3,19,20,50,6,56,3,123,16,14,,prospol01
282,Tyus Jones,29,3TM,PG,67,12,979,100,0,0,0,0,-6.2,-7.7,21,3,16,1,5,3,383,1,8,,jonesty01
282,Tyus Jones,29,ORL,PG,48,8,754,100,0,0,0,0,-7.0,-9.2,12,2,14,0,3,3,273,0,7,,jonesty01
282,Tyus Jones,29,DAL,PG,8,2,133,100,0,0,0,0,-8.1,-2.4,4,0,2,1,1,0,74,0,0,,jonesty01
282,Tyus Jones,29,DEN,PG,11,2,92,100,0,0,0,0,2.5,-2.6,5,1,0,0,1,0,36,1,1,,jonesty01
283,Justin Edwards,22,PHI,SF,64,12,977,0,5,83,13,0,-2.7,-3.3,13,15,38,1,16,3,202,5,17,,edwarju01
284,Ochai Agbaji,25,2TM,SG,62,13,973,8,71,20,0,0,-2.5,-1.1,19,6,47,4,21,4,119,2,21,,agbajoc01
284,Ochai Agbaji,25,TOR,SG,42,13,650,1,80,19,0,0,1.8,-1.3,10,5,35,3,14,3,78,1,15,,agbajoc01
284,Ochai Agbaji,25,BRK,SG,20,0,323,23,55,23,0,0,-11.1,-0.8,9,1,12,1,7,1,41,1,6,,agbajoc01
285,Goga Bitadze,26,ORL,C,64,3,972,0,0,0,0,100,1.7,1.6,19,10,68,9,39,4,195,13,13,,bitadgo01
286,Rob Dillingham,21,2TM,PG,65,0,970,65,34,1,0,0,-7.0,-5.4,69,22,71,3,26,5,344,6,36,,dilliro01
286,Rob Dillingham,21,MIN,PG,35,0,326,86,14,0,0,0,-6.3,-10.6,26,8,20,1,8,2,141,2,18,,dilliro01
286,Rob Dillingham,21,CHI,PG,30,0,644,55,44,1,0,0,-7.4,-2.8,43,14,51,2,18,3,203,4,18,,dilliro01
287,Al Horford,39,GSW,C,45,13,969,0,0,0,6,94,-1.7,-1.6,22,8,33,10,12,0,290,3,7,,horfoal01
288,T.J. McConnell,33,IND,PG,56,4,963,100,0,0,0,0,-6.8,1.2,35,21,38,1,15,22,719,5,23,,mccontj01
289,Kobe Brown,26,2TM,PF,61,10,963,0,0,25,71,4,-11.6,-7.3,32,16,39,3,23,7,195,3,23,,brownko01
289,Kobe Brown,26,LAC,PF,34,0,295,0,0,8,84,8,-15.5,-18.0,10,4,6,1,9,3,61,0,9,,brownko01
289,Kobe Brown,26,IND,PF,27,10,668,0,0,32,65,3,-9.9,-2.6,22,12,33,2,14,4,134,3,14,,brownko01
290,Anthony Gill,33,WAS,PF,55,8,951,0,0,1,36,64,-14.1,-3.3,22,7,53,4,20,2,166,7,22,,gillan01
291,Kasparas Jakučionis,19,MIA,PG,53,12,945,85,15,0,0,0,4.1,2.1,27,14,46,5,26,9,332,3,16,,jakucka01
292,Jalen Williams,24,OKC,SG,33,33,936,0,18,51,31,0,12.3,1.3,24,23,28,7,62,12,446,14,22,,willija06
293,Jordan Poole,26,NOP,PG,39,8,933,41,59,1,0,0,-7.6,-4.0,36,29,37,2,41,12,269,12,26,,poolejo01
294,Clint Capela,31,HOU,C,75,3,926,0,0,0,13,87,9.2,5.2,21,5,45,10,35,1,123,5,22,,capelca01
295,Ben Saraf,19,BRK,SG,44,11,916,16,48,30,6,0,-13.4,-4.0,50,35,44,4,38,5,356,7,48,,sarafbe01
296,Micah Peavy,24,NOP,SG,61,4,913,1,31,56,11,0,-4.5,0.0,9,7,51,1,15,5,141,3,17,,peavymi01
297,Karlo Matković,24,NOP,PF,62,2,912,0,0,1,65,34,-2.8,2.2,15,6,69,10,17,3,124,4,10,,matkoka01
298,Josh Green,25,CHO,SG,58,0,908,20,66,12,1,0,12.6,10.2,20,7,27,6,10,16,113,1,5,,greenjo02
299,Micah Potter,27,IND,C,47,7,908,0,0,0,8,92,-6.4,1.8,18,14,49,10,40,2,168,4,10,,pottemi01
300,Isaiah Jackson,24,2TM,C,55,14,908,0,0,0,6,94,-1.9,3.5,18,16,81,19,46,1,119,11,14,,jacksis01
300,Isaiah Jackson,24,IND,C,38,14,638,0,0,0,8,92,-7.1,0.8,11,12,63,15,32,1,71,8,10,,jacksis01
300,Isaiah Jackson,24,LAC,C,17,0,270,0,0,0,2,98,10.4,9.8,7,4,18,4,14,0,48,3,4,,jacksis01
301,Dylan Cardwell,24,SAC,C,44,1,907,0,0,0,26,74,-4.4,7.5,15,8,90,11,19,4,152,2,19,,cardwdy01
302,Dwight Powell,34,DAL,C,63,12,904,0,0,0,6,94,-2.0,4.9,18,11,89,10,43,9,161,12,12,,poweldw01
303,Paul Reed,26,DET,C,65,11,901,0,0,0,7,93,9.1,1.2,22,20,64,10,46,5,197,10,24,,reedpa01
304,Jaden Hardy,23,2TM,SG,57,4,898,27,60,13,0,0,-4.8,4.5,31,24,40,3,33,7,134,6,19,,hardyja02
304,Jaden Hardy,23,DAL,SG,34,4,428,22,65,13,0,0,3.6,10.5,16,8,19,1,16,3,66,3,8,,hardyja02
304,Jaden Hardy,23,WAS,SG,23,0,470,32,55,13,0,0,-12.4,-0.9,15,16,21,2,17,4,68,3,11,,hardyja02
305,Quenton Jackson,27,IND,PG,49,19,897,85,15,0,0,0,-3.6,5.4,31,18,37,3,52,22,346,13,25,,jacksqu01
306,Jaylen Clark,24,MIN,SG,68,1,888,11,64,25,0,0,6.2,3.4,8,9,38,3,34,3,101,10,12,,clarkja02
307,Cam Thomas,24,2TM,SG,42,8,881,32,61,6,0,0,-13.2,-4.6,33,29,23,5,72,7,270,19,28,,thomaca02
307,Cam Thomas,24,BRK,SG,24,8,582,41,59,0,0,0,-12.5,-2.4,23,18,16,3,41,5,185,11,18,,thomaca02
307,Cam Thomas,24,MIL,SG,18,0,299,16,66,18,0,0,-14.5,-8.7,10,11,7,2,31,2,85,8,10,,thomaca02
308,Bryce McGowens,23,NOP,SG,42,13,880,6,65,29,0,0,-3.9,0.8,6,5,48,4,48,17,150,10,21,,mcgowbr01
309,Gabe Vincent,29,2TM,PG,53,7,879,99,1,0,0,0,1.2,-1.1,19,3,44,4,6,11,178,1,10,,vincega01
309,Gabe Vincent,29,LAL,PG,29,7,559,100,0,0,0,0,-0.9,-3.3,7,2,29,2,3,6,85,0,5,,vincega01
309,Gabe Vincent,29,ATL,PG,24,0,320,98,2,0,0,0,4.8,2.6,12,1,15,2,3,5,93,1,5,,vincega01
310,Jonas Valančiūnas,33,DEN,C,65,6,871,0,0,0,5,95,-1.9,-8.9,23,18,66,30,58,0,185,10,29,,valanjo01
311,Jevon Carter,30,2TM,PG,53,1,867,94,6,0,0,0,-5.7,-5.2,22,8,36,2,5,3,207,0,8,,carteje01
311,Jevon Carter,30,CHI,PG,23,0,254,79,21,0,0,0,-13.6,-9.2,6,3,13,1,3,1,49,0,4,,carteje01
311,Jevon Carter,30,ORL,PG,30,1,613,100,0,0,0,0,-2.5,-3.5,16,5,23,1,2,2,158,0,4,,carteje01
312,Trendon Watford,25,PHI,PF,53,7,864,0,0,8,83,9,-7.9,-9.8,25,21,57,11,40,5,317,11,27,,watfotr01
313,Julian Strawther,23,DEN,SG,57,14,861,1,36,52,11,0,0.7,-5.6,15,11,40,9,24,3,150,5,22,,strawju01
314,Jalen Wilson,25,BRK,PF,54,2,859,0,1,28,62,9,-10.5,-0.2,17,13,48,4,44,6,127,8,18,,wilsoja03
315,Caleb Martin,30,DAL,SF,58,12,856,1,56,36,6,0,-9.7,-4.9,22,7,44,6,29,19,201,4,15,,martica02
316,Kenrich Williams,31,OKC,PF,56,2,855,0,2,10,70,18,4.0,-9.3,20,17,22,2,28,9,193,10,18,,willike04
317,Kyle Anderson,32,3TM,SF,43,5,853,0,5,37,51,8,-5.1,-2.5,17,7,50,5,33,4,293,8,12,,anderky01
317,Kyle Anderson,32,UTA,SF,20,0,401,0,1,16,69,14,-10.5,-2.7,6,4,22,4,19,4,138,4,8,,anderky01
317,Kyle Anderson,32,MEM,SF,4,3,89,0,0,18,82,0,-1.5,4.5,3,1,7,0,4,0,8,2,0,,anderky01
317,Kyle Anderson,32,MIN,SF,19,2,363,0,10,64,24,2,-0.1,-4.0,8,2,21,1,10,0,147,2,4,,anderky01
318,Daeqwon Plowden,27,SAC,SG,32,7,844,6,38,46,10,0,-11.8,-2.1,11,10,46,2,22,6,100,8,12,,plowdda01
319,Josh Minott,23,2TM,PF,49,11,834,0,9,9,48,33,-0.1,-1.5,20,14,30,4,29,6,112,7,13,,minotjo01
319,Josh Minott,23,BOS,PF,33,10,526,0,0,0,57,43,5.1,-3.2,8,8,24,2,12,4,83,2,10,,minotjo01
319,Josh Minott,23,BRK,SF,16,1,308,0,25,24,33,17,-9.0,1.5,12,6,6,2,17,2,29,5,3,,minotjo01
320,Javon Small,23,MEM,PG,41,12,830,95,5,0,0,0,-5.2,0.9,37,13,26,3,37,4,368,10,29,,smallja01
321,Jonathan Kuminga,23,2TM,PF,36,14,830,0,0,1,79,20,5.4,5.2,33,22,24,3,63,2,204,15,25,,kuminjo01
321,Jonathan Kuminga,23,GSW,PF,20,13,476,0,0,1,64,36,-1.5,-1.1,22,17,15,1,36,1,121,8,14,,kuminjo01
321,Jonathan Kuminga,23,ATL,PF,16,1,354,0,0,0,100,0,14.8,13.6,11,5,9,2,27,1,83,7,11,,kuminjo01
322,Jalen Green,23,PHO,SG,32,27,828,9,63,27,1,0,0.3,-1.7,25,33,19,7,43,6,233,9,36,,greenja05
323,Vince Williams Jr.,25,2TM,SG,40,12,820,93,7,0,0,0,1.2,8.7,41,16,35,7,17,12,407,3,11,,willivi01
323,Vince Williams Jr.,25,MEM,PG,34,12,736,94,6,0,0,0,1.2,8.7,37,15,29,6,15,11,368,3,8,,willivi01
323,Vince Williams Jr.,25,UTA,SG,6,0,84,82,18,0,0,0,0.5,8.8,4,1,6,1,2,1,39,0,3,,willivi01
324,Buddy Hield,33,2TM,SG,51,3,819,0,26,62,12,0,-5.5,-6.4,26,15,23,2,12,0,178,1,11,,hieldbu01
324,Buddy Hield,33,GSW,SG,44,3,768,0,23,65,12,0,-6.2,-7.0,23,12,23,2,11,0,167,1,11,,hieldbu01
324,Buddy Hield,33,ATL,SG,7,0,51,1,71,28,0,0,5.2,2.8,3,3,0,0,1,0,11,0,0,,hieldbu01
325,Carter Bryant,20,SAS,PF,71,0,818,0,1,41,53,5,2.3,-7.1,15,5,45,6,20,1,114,5,13,,bryanca01
326,Nikola Jović,22,MIA,PF,47,1,808,0,0,0,61,38,0.6,-2.4,31,21,34,5,42,3,241,10,14,,jovicni01
327,Jalen Pickett,26,DEN,SG,50,18,807,60,40,0,0,0,-1.0,-7.7,17,11,22,3,7,0,276,4,10,,pickeja02
328,Keegan Murray,25,SAC,PF,23,22,793,0,0,24,76,0,-9.9,0.3,11,12,28,0,24,2,91,3,15,,murrake02
329,Aaron Holiday,29,HOU,PG,57,1,781,100,0,0,0,0,8.9,4.7,20,9,37,5,13,9,149,6,7,,holidaa01
330,Tyrese Martin,26,2TM,SG,46,6,777,7,64,28,1,0,-11.0,-2.1,21,13,13,0,13,1,189,4,8,,martity01
330,Tyrese Martin,26,BRK,SG,37,6,696,8,65,27,0,0,-12.4,-2.4,17,12,12,0,13,1,167,4,8,,martity01
330,Tyrese Martin,26,PHI,SG,9,0,81,0,63,33,4,0,0.7,0.9,4,1,1,0,0,0,22,0,0,,martity01
331,Kristaps Porziņģis,30,2TM,C,32,23,769,0,0,0,0,100,2.8,1.9,24,9,47,6,59,4,194,9,13,,porzikr01
331,Kristaps Porziņģis,30,ATL,C,17,12,413,0,0,0,0,100,5.5,3.4,7,5,28,3,34,0,106,5,5,,porzikr01
331,Kristaps Porziņģis,30,GSW,C,15,11,356,0,0,0,0,100,-0.4,0.2,17,4,19,3,25,4,88,4,8,,porzikr01
332,Jabari Walker,23,PHI,PF,64,6,762,0,0,20,75,4,0.3,0.7,3,13,52,4,32,3,81,6,22,,walkeja01
333,Noah Penda,21,ORL,SF,59,2,757,0,16,65,19,0,-2.8,-4.1,21,14,43,1,22,3,164,6,11,,pendano01
334,Scoot Henderson,21,POR,PG,30,10,748,100,0,0,0,0,2.9,4.0,46,18,33,5,33,9,279,5,18,,hendesc01
335,Pete Nance,25,MIL,PF,47,6,737,0,1,38,44,17,-5.9,0.6,17,3,29,4,4,0,123,1,7,,nancepe01
336,Thomas Bryant,28,CLE,C,60,1,732,0,0,0,0,100,2.4,-2.1,12,5,51,8,33,3,79,10,11,,bryanth01
337,Steven Adams,32,HOU,C,32,11,730,0,0,0,0,100,11.3,7.4,14,8,22,9,30,1,107,3,9,,adamsst01
338,Lonzo Ball,28,CLE,PG,35,3,728,43,54,4,0,0,0.3,-4.8,37,10,26,2,4,0,329,0,6,,balllo01
339,Tyler Kolek,24,NYK,PG,62,1,727,80,20,0,0,0,6.7,-0.2,40,12,34,2,7,6,406,2,16,,kolekty01
340,Leonard Miller,22,2TM,SF,46,12,719,0,3,54,40,2,-1.2,3.4,11,15,33,4,28,3,97,11,12,,millele01
340,Leonard Miller,22,MIN,SF,19,0,95,0,0,2,87,11,-7.4,-11.2,1,7,7,1,5,1,11,1,2,,millele01
340,Leonard Miller,22,CHI,SF,27,12,624,0,4,62,33,1,-0.3,5.6,10,8,26,3,23,2,86,10,10,,millele01
341,Grant Williams,27,CHO,PF,36,3,711,0,0,0,88,12,13.3,10.5,17,3,25,8,24,7,146,5,6,,willigr01
342,Nick Richards,28,2TM,C,48,6,701,0,0,0,1,99,-9.0,-6.9,22,9,41,18,48,1,39,8,35,,richani01
342,Nick Richards,28,PHO,C,28,2,254,0,0,0,4,96,-11.5,-14.0,10,3,16,10,13,0,19,1,12,,richani01
342,Nick Richards,28,CHI,C,20,4,447,0,0,0,0,100,-7.6,-2.9,12,6,25,8,35,1,20,7,23,,richani01
343,Sharife Cooper,24,WAS,PG,41,1,700,100,0,0,0,0,-12.8,-1.5,37,19,29,0,20,10,310,8,24,,coopesh01
344,Devin Carter,23,SAC,PG,38,12,700,95,5,0,0,0,-8.1,2.5,34,13,24,2,45,12,228,9,13,,cartede02
345,Jett Howard,22,ORL,SF,55,0,695,0,22,42,33,3,-6.3,-8.2,7,7,45,0,15,2,105,2,19,,howarje01
346,Jordan Hawkins,23,NOP,SG,51,1,692,2,91,7,1,0,-10.2,-6.9,15,13,21,1,10,1,100,1,12,,hawkijo01
347,Rasheer Fleming,21,PHO,PF,55,1,673,0,0,3,86,11,7.6,7.1,14,10,44,2,15,0,38,2,8,,flemira01
348,Jahmai Mashack,23,MEM,SG,31,7,673,27,26,41,6,0,-14.0,-9.7,27,12,36,3,16,2,169,3,10,,mashaja01
349,Tristan Vukcevic,22,WAS,C,49,12,671,0,0,0,0,100,-15.6,-4.9,26,19,37,11,49,2,124,10,14,,vukcetr01
350,Jaden Ivey,23,2TM,SG,37,5,670,31,62,8,0,0,1.8,-4.6,20,16,35,2,22,4,161,5,19,,iveyja01
350,Jaden Ivey,23,DET,SG,33,2,555,28,68,5,0,0,5.6,-3.0,16,14,27,2,18,3,122,4,17,,iveyja01
350,Jaden Ivey,23,CHI,SG,4,3,115,45,32,23,0,0,-16.9,-12.3,4,2,8,0,4,1,39,1,2,,iveyja01
351,Tre Mann,24,CHO,PG,53,1,669,91,9,0,0,0,-11.8,-19.8,24,17,33,7,8,3,213,0,8,,manntr01
352,Gary Harris,31,MIL,SG,48,2,661,8,63,29,0,0,-10.9,-5.3,10,4,35,3,6,0,125,3,4,,harriga01
353,Ethan Thompson,26,IND,SG,32,13,653,12,79,8,0,0,-0.7,8.4,16,6,46,1,18,7,135,4,13,,thompet01
354,Jamaree Bouyea,26,PHO,PG,46,1,644,100,0,0,0,0,1.0,-0.7,17,12,16,0,18,4,210,4,18,,bouyeja01
355,Johnny Furphy,21,IND,SG,35,21,643,0,49,46,5,0,-3.3,5.4,11,8,41,6,16,3,94,5,17,,furphjo01
356,Mohamed Diawara,20,NYK,SF,69,7,634,0,0,44,55,1,6.7,-0.2,15,10,27,2,12,2,135,2,7,,diawamo01
357,Zeke Nnaji,25,DEN,PF,52,4,626,0,0,0,29,71,-6.5,-13.7,10,11,42,4,21,1,69,4,17,,nnajize01
358,Anthony Davis,32,DAL,PF,20,20,626,0,0,0,11,89,-4.0,2.1,15,22,28,2,38,4,130,10,14,,davisan02
359,Dorian Finney-Smith,32,HOU,PF,37,1,620,0,2,51,47,0,1.3,-4.6,11,2,30,5,3,2,87,1,6,,finnedo01
360,Kam Jones,23,IND,SG,37,7,616,17,60,22,1,0,-10.9,-3.8,21,11,19,2,3,0,301,0,12,,joneska03
361,Kevin Love,37,UTA,PF,37,5,613,0,0,10,64,26,-6.9,1.4,18,7,36,2,16,4,153,5,1,,loveke01
362,Taurean Prince,31,MIL,SF,26,7,611,0,20,69,11,0,-3.1,4.0,23,7,25,0,4,2,116,2,5,,princta02
363,Jase Richardson,20,ORL,SG,54,0,587,35,60,5,0,0,-2.4,-3.4,16,3,26,3,21,7,139,7,5,,richaja02
364,Tidjane Salaün,20,CHO,PF,37,0,575,0,0,0,84,16,0.6,-4.8,10,8,25,4,17,3,71,3,9,,salauti01
365,Ja Morant,26,MEM,PG,20,20,569,100,0,0,0,0,-4.5,1.7,48,20,19,0,51,11,384,9,18,,moranja01
366,Domantas Sabonis,29,SAC,C,19,15,564,0,0,0,18,82,-14.8,-5.4,13,20,32,15,32,1,174,8,18,,sabondo01
367,Dalton Knecht,24,LAL,SF,54,1,553,0,48,44,7,1,-7.5,-10.9,10,6,25,5,11,2,52,2,11,,knechda01
368,Drew Eubanks,28,SAC,C,42,11,552,0,0,0,1,99,-12.4,-2.6,9,13,32,5,22,3,43,7,11,,eubandr01
369,Dalen Terry,23,2TM,SG,48,0,551,7,36,52,5,0,-2.6,1.0,16,8,31,1,15,4,166,7,8,,terryda01
369,Dalen Terry,23,CHI,SG,34,0,377,0,38,55,7,0,-3.7,1.5,11,8,22,1,7,2,109,2,5,,terryda01
369,Dalen Terry,23,PHI,SG,14,0,174,20,33,45,3,0,-0.2,0.0,5,0,9,0,8,2,57,5,3,,terryda01
370,Tyrese Proctor,21,CLE,PG,50,1,545,49,49,2,0,0,0.2,-4.6,26,7,17,5,17,5,179,2,11,,proctty01
371,Elijah Harkless,25,UTA,SG,26,9,545,48,52,1,0,0,-3.0,5.9,11,11,25,3,28,20,180,5,10,,harklej01
372,Terrence Shannon Jr.,25,MIN,SG,43,2,538,1,29,59,11,0,-6.6,-11.7,15,7,34,0,27,6,95,1,14,,shannte01
373,Keaton Wallace,26,ATL,PG,53,3,536,96,4,0,0,0,-7.6,-11.6,16,10,27,1,8,1,233,1,4,,wallake01
374,Moussa Cisse,23,DAL,C,38,1,530,0,0,0,0,100,-0.9,5.7,5,9,44,11,30,0,21,6,13,,cissemo01
375,Cole Anthony,25,MIL,PG,35,0,527,99,1,0,0,0,-10.0,-4.1,40,20,42,4,9,7,291,3,11,,anthoco01
376,Jayson Tatum,27,BOS,PF,16,16,522,0,0,0,95,5,11.2,3.8,17,14,10,7,32,0,203,6,8,,tatumja01
377,Jonathan Isaac,28,ORL,PF,52,0,521,0,0,3,77,21,-2.2,-3.0,3,7,29,2,19,2,54,2,3,,isaacjo01
378,Jamison Battle,24,TOR,SF,61,2,517,0,0,56,43,1,7.6,5.3,7,7,20,2,7,3,56,2,4,,battlja01
379,Asa Newell,20,ATL,PF,44,2,500,0,0,1,71,28,-4.5,-7.9,6,7,48,6,16,1,63,7,14,,newelas01
380,Ariel Hukporti,23,NYK,C,54,5,498,0,0,0,7,93,5.4,-1.6,11,11,31,10,15,0,71,3,8,,hukpoar01
381,Trayce Jackson-Davis,25,2TM,C,53,1,496,0,0,0,0,100,-5.8,-6.3,8,5,27,6,39,0,99,8,20,,jackstr02
381,Trayce Jackson-Davis,25,GSW,C,36,1,411,0,0,0,0,100,-4.4,-4.3,6,4,24,5,29,0,81,8,16,,jackstr02
381,Trayce Jackson-Davis,25,TOR,C,17,0,85,0,0,0,0,100,-12.3,-15.6,2,1,3,1,10,0,18,0,4,,jackstr02
382,D'Angelo Russell,29,DAL,PG,26,3,495,77,23,0,0,0,-5.1,0.8,36,11,20,2,21,4,247,0,5,,russeda01
383,Taelon Peter,23,IND,SG,38,0,492,61,35,4,0,0,-10.8,-3.5,21,5,23,0,5,8,100,1,5,,peterta01
384,Bez Mbeng,22,UTA,SG,15,5,492,18,66,17,0,0,-13.0,-5.7,14,7,27,0,9,4,144,3,5,,mbengbe01
385,Amir Coffey,28,2TM,SG,46,3,490,1,35,57,7,0,-1.8,0.9,6,2,19,0,16,3,70,5,2,,coffeam01
385,Amir Coffey,28,MIL,SG,30,2,265,0,36,59,5,0,-9.0,-2.7,3,0,8,0,9,2,26,4,1,,coffeam01
385,Amir Coffey,28,PHO,SG,16,1,225,2,34,54,9,0,6.6,5.3,3,2,11,0,7,1,44,1,1,,coffeam01
386,Branden Carlson,26,OKC,C,42,4,488,0,0,0,1,99,-2.2,-15.3,6,4,25,5,11,0,72,2,12,,carlsbr01
387,Jamal Cain,26,ORL,SF,40,1,486,0,46,49,4,0,4.5,4.5,9,8,28,0,20,6,75,3,8,,cainja01
388,Cam Christie,20,LAC,SG,55,0,480,40,52,8,0,0,-1.4,-3.0,9,8,9,1,24,1,78,3,14,,chrisca02
389,Matisse Thybulle,28,POR,SG,30,0,480,12,51,33,4,0,9.1,10.9,17,8,21,1,9,4,66,1,2,,thybuma01
390,Jeremy Sochan,22,2TM,PF,44,0,469,0,0,2,59,39,-3.0,-11.9,8,7,25,4,10,2,101,2,9,,sochaje01
390,Jeremy Sochan,22,SAS,PF,28,0,358,0,0,1,58,41,-9.2,-18.8,7,5,21,4,5,2,72,2,8,,sochaje01
390,Jeremy Sochan,22,NYK,PF,16,0,111,0,0,4,63,33,17.0,10.5,1,2,4,0,5,0,29,0,1,,sochaje01
391,Maxi Kleber,34,LAL,PF,43,1,461,0,0,0,21,79,5.1,3.6,9,2,35,6,11,1,71,0,6,,klebima01
392,Marcus Sasser,25,DET,PG,38,5,457,100,0,0,0,0,10.4,2.4,21,7,23,1,7,1,183,1,8,,sassema01
393,AJ Johnson,21,2TM,SG,48,0,454,30,60,10,0,0,-8.1,0.4,15,6,18,2,20,0,113,4,24,,johnsaj01
393,AJ Johnson,21,WAS,SG,25,0,214,38,61,1,0,0,-4.5,7.5,9,3,11,0,6,0,53,0,12,,johnsaj01
393,AJ Johnson,21,DAL,SG,23,0,240,22,60,18,0,0,-11.4,-5.9,6,3,7,2,14,0,60,4,12,,johnsaj01
394,Bogdan Bogdanović,33,LAC,SG,23,3,452,20,56,23,2,0,-5.2,-7.3,16,8,26,2,11,1,130,1,7,,bogdabo01
395,Tony Bradley,28,2TM,C,41,4,450,0,0,1,4,95,-13.8,-7.3,6,3,32,8,20,1,54,3,14,,bradlto01
395,Tony Bradley,28,IND,C,38,3,416,0,0,1,4,95,-11.3,-4.0,5,3,30,8,20,1,48,3,13,,bradlto01
395,Tony Bradley,28,ATL,C,3,1,34,0,0,0,0,100,-44.6,-47.4,1,0,2,0,0,0,6,0,1,,bradlto01
396,Larry Nance Jr.,33,CLE,PF,35,3,449,0,0,29,58,13,-2.8,-7.9,10,3,28,4,5,6,84,1,7,,nancela02
397,Oscar Tshiebwe,26,UTA,C,27,6,448,0,0,0,20,80,-8.9,-0.9,10,10,31,0,27,0,75,9,17,,tshieos01
398,Doug McDermott,34,SAC,SF,29,0,439,0,4,65,31,0,-12.3,-2.4,10,1,21,1,1,0,52,0,1,,mcderdo01
399,Leaky Black,26,WAS,SF,15,9,433,0,19,45,33,2,-11.3,0.3,6,6,20,1,4,0,60,0,3,,blackle01
400,Julian Phillips,22,2TM,SF,48,2,428,0,9,52,39,0,-2.0,1.4,4,4,24,1,10,3,24,3,8,,phillju01
400,Julian Phillips,22,CHI,SF,35,2,334,0,7,51,42,0,-0.7,4.7,3,3,20,0,4,3,16,1,7,,phillju01
400,Julian Phillips,22,MIN,SF,13,0,94,0,15,58,27,0,-6.5,-10.3,1,1,4,1,6,0,8,2,1,,phillju01
401,Moritz Wagner,28,ORL,C,36,0,427,0,0,0,2,98,-10.7,-12.5,10,5,19,4,38,7,68,10,19,,wagnemo01
402,Yanic Konan Niederhäuser,22,LAC,C,41,0,424,0,0,0,2,98,4.8,4.0,8,5,39,8,25,1,29,3,10,,konanya01
403,Obi Toppin,27,IND,PF,24,3,424,0,0,3,94,3,-4.5,3.6,16,8,18,1,18,0,132,4,8,,toppiob01
404,Khaman Maluach,19,PHO,C,46,1,411,0,0,0,0,100,4.4,3.0,5,10,23,9,12,1,16,1,12,,maluakh01
405,Myron Gardner,24,MIA,SF,45,7,411,0,25,49,26,0,9.2,7.5,8,4,32,2,14,1,112,4,6,,gardnmy01
406,Andre Jackson Jr.,24,MIL,SG,48,1,408,1,35,58,6,0,-10.0,-4.0,22,3,23,1,10,1,114,2,6,,jacksan01
407,Killian Hayes,24,SAC,PG,23,3,406,85,15,0,0,0,-2.8,8.2,20,5,15,2,11,2,197,1,5,,hayeski01
408,Jae'Sean Tate,30,HOU,SF,46,1,405,1,19,67,14,0,-1.2,-7.1,6,5,19,5,5,5,63,3,6,,tateja01
409,Julian Reese,22,WAS,PF,13,10,402,0,0,0,4,96,-12.9,-1.5,11,12,22,7,15,0,58,4,24,,reeseju01
410,Dejounte Murray,29,NOP,PG,14,14,389,96,4,0,0,0,1.2,6.3,20,22,14,2,17,0,210,5,5,,murrade01
411,Trae Young,27,2TM,PG,15,15,384,100,0,0,0,0,-10.2,-9.5,33,4,20,1,37,11,291,14,2,,youngtr01
411,Trae Young,27,ATL,PG,10,10,280,100,0,0,0,0,-8.7,-12.0,23,2,12,0,28,8,210,9,2,,youngtr01
411,Trae Young,27,WAS,PG,5,5,104,100,0,0,0,0,-14.0,-2.5,10,2,8,1,9,3,81,5,0,,youngtr01
412,Tyson Etienne,26,BRK,PG,24,2,380,100,0,0,0,0,-13.8,-3.8,4,4,17,2,15,5,98,4,4,,etienty01
413,Bronny James,21,LAL,SG,42,1,375,59,41,0,0,0,-5.5,-8.2,19,4,16,0,2,1,118,0,5,,jamesbr02
414,Nick Smith Jr.,21,LAL,SG,30,1,375,81,19,0,0,0,-0.4,-2.5,11,8,17,1,7,2,73,2,5,,smithni01
415,Cameron Payne,31,PHI,PG,22,1,374,95,5,0,0,0,-7.4,-7.9,4,4,18,3,8,6,127,0,8,,payneca01
416,Liam McNeeley,20,CHO,SF,31,0,368,0,1,76,22,0,-0.3,-5.5,5,4,17,2,14,2,61,1,6,,mcneeli01
417,Blake Wesley,22,POR,SG,31,0,361,47,36,17,0,0,-9.4,-9.9,19,10,16,1,25,7,153,8,10,,weslebl01
418,Jeremiah Robinson-Earl,25,2TM,PF,22,3,361,0,0,3,95,3,-9.9,-2.7,6,4,15,1,10,2,36,3,12,,robinje02
418,Jeremiah Robinson-Earl,25,IND,PF,17,3,300,0,0,3,94,3,-10.2,-2.7,6,3,14,0,8,1,27,3,11,,robinje02
418,Jeremiah Robinson-Earl,25,DAL,PF,5,0,61,0,0,0,96,4,-8.2,-2.5,0,1,1,1,2,1,9,0,1,,robinje02
419,Kelly Olynyk,34,SAS,C,42,0,360,0,0,0,19,81,-8.3,-17.9,10,5,21,1,10,4,115,0,7,,olynyke01
420,Malachi Smith,26,BRK,SG,15,4,359,29,68,3,0,0,-12.1,-1.9,4,7,11,0,5,3,121,4,5,,smithma02
421,Christian Koloko,25,3TM,C,27,4,357,0,0,0,0,100,-1.4,0.9,3,5,29,7,6,1,45,1,14,,kolokch01
421,Christian Koloko,25,LAL,C,2,0,6,0,0,0,0,100,-96.2,-98.3,0,0,1,0,0,0,0,0,0,,kolokch01
421,Christian Koloko,25,MEM,C,11,2,195,0,0,0,0,100,5.9,12.4,2,1,15,3,1,1,26,0,7,,kolokch01
421,Christian Koloko,25,ATL,C,14,2,156,0,0,0,0,100,-6.8,-9.7,1,4,13,4,5,0,19,1,7,,kolokch01
422,Kennedy Chandler,23,UTA,PG,11,2,355,100,0,0,0,0,-8.5,-0.5,14,9,11,0,22,5,163,5,14,,chandke01
423,Cam Whitmore,21,WAS,SF,21,0,354,0,6,57,37,0,-17.9,-6.9,6,10,15,2,16,0,38,7,20,,whitmca01
424,E.J. Liddell,25,BRK,PF,26,5,349,0,0,2,48,51,-6.8,3.9,6,4,21,5,11,2,63,3,7,,liddeej01
425,Brooks Barnhizer,23,OKC,SG,40,0,348,0,23,45,32,0,-13.1,-26.7,3,5,15,2,5,0,60,2,10,,barnhbr01
426,Chaney Johnson,23,BRK,SF,17,1,348,0,8,42,47,3,-11.2,-0.8,6,5,28,8,14,2,90,1,7,,johnsch06
427,Isaiah Livers,27,PHO,PF,36,0,347,0,1,20,79,1,2.3,0.8,9,1,19,0,5,0,57,0,7,,liveris01
428,Lachlan Olbrich,22,CHI,C,37,2,344,0,0,0,10,90,2.5,8.2,7,3,15,4,6,5,107,0,6,,olbrila01
429,Ty Jerome,28,MEM,SG,15,15,339,26,64,10,0,0,-5.8,0.1,8,9,12,2,28,0,202,10,8,,jeromty01
430,Ron Harper Jr.,25,BOS,SF,29,3,318,0,17,59,24,0,2.9,-5.4,2,4,11,1,2,1,56,0,1,,harpero02
431,Joan Beringer,19,MIN,PF,40,3,314,0,0,0,20,81,4.3,0.8,1,7,37,2,18,0,30,5,10,,berinjo01
432,Jalen Slawson,26,IND,SF,13,6,311,0,5,77,19,0,-4.6,3.4,9,4,14,1,8,1,89,2,6,,slawsja01
433,Kevon Looney,29,NOP,C,21,8,308,0,0,0,31,69,-11.2,-7.3,2,2,17,3,4,0,86,0,4,,looneke01
434,Tyler Burton,25,MEM,SF,12,0,307,0,0,28,48,25,-22.2,-17.7,9,1,19,0,14,0,29,5,7,,burtoty01
435,Yang Hansen,20,POR,C,43,1,300,0,0,0,0,100,-15.7,-16.5,11,10,26,7,15,3,53,4,11,,yangha01
436,Pat Connaughton,33,CHO,SG,42,0,297,8,74,15,4,0,-6.7,-12.3,7,1,6,1,6,3,42,2,5,,connapa01
437,LJ Cryer,24,GSW,PG,18,1,292,100,0,0,0,0,-1.0,-0.5,6,3,8,2,5,0,44,2,1,,cryerlj01
438,Max Strus,29,CLE,SF,12,5,288,0,1,36,63,0,0.7,-3.7,7,2,19,0,3,2,55,0,3,,strusma01
439,Lindy Waters III,28,SAS,SG,40,0,285,13,75,12,0,0,-2.2,-11.0,5,1,15,1,1,2,46,0,2,,waterli01
440,Blake Hinson,26,UTA,SF,14,3,285,0,0,3,69,28,6.9,16.1,3,1,9,0,7,2,36,2,4,,hinsobl01
441,Zach Edey,23,MEM,C,11,11,284,0,0,0,0,100,17.7,25.4,6,8,9,11,15,0,30,4,6,,edeyza01
442,Jordan McLaughlin,29,SAS,PG,44,0,282,100,0,0,0,0,-11.7,-21.2,11,3,6,0,1,1,92,1,2,,mclaujo01
443,Keshad Johnson,24,MIA,SF,32,0,280,0,5,39,54,2,14.2,12.6,8,2,14,2,12,2,19,1,6,,johnske10
444,Malevy Leons,26,GSW,SF,25,2,276,0,0,34,63,4,-11.2,-11.5,7,4,19,2,5,1,55,1,6,,leonsma01
445,Malaki Branham,22,WAS,SG,28,0,275,15,67,19,0,0,-6.2,5.7,4,9,10,1,16,0,56,0,9,,branhma01
446,Cormac Ryan,27,MIL,SG,11,2,271,20,72,8,0,0,-3.8,2.8,10,3,12,1,10,1,48,2,4,,ryanco01
447,Chaz Lanier,24,DET,SG,34,0,262,15,74,12,0,0,-1.5,-10.4,2,0,4,0,1,0,38,0,3,,laniech01
448,Duop Reath,29,POR,C,32,0,258,0,0,0,50,51,-8.0,-8.1,3,4,19,0,4,1,25,2,2,,reathdu01
449,KJ Simpson,23,2TM,PG,20,2,257,98,2,0,0,0,-1.9,-7.2,13,7,7,3,7,3,110,1,8,,simpskj01
449,KJ Simpson,23,CHO,PG,14,2,223,100,0,0,0,0,-7.9,-13.3,13,7,5,3,6,3,90,1,5,,simpskj01
449,KJ Simpson,23,DEN,PG,6,0,34,87,13,0,0,0,37.5,32.7,0,0,2,0,1,0,20,0,3,,simpskj01
450,John Poulakidas,22,DAL,SG,13,0,253,4,49,47,0,0,-4.9,1.0,3,1,14,0,1,0,29,1,0,,poulajo01
451,Jonathan Mogbo,24,TOR,PF,40,0,249,0,0,0,52,48,-8.9,-12.6,9,1,15,4,6,1,59,2,3,,mogbojo01
452,Adama-Alpha Bal,22,MEM,SG,8,1,241,0,14,51,31,4,-29.8,-25.5,2,2,15,1,5,1,47,1,4,,balad01
453,Nate Williams,26,GSW,SG,14,2,239,0,9,62,29,0,-14.6,-14.9,7,5,12,2,5,0,30,1,8,,willije02
454,Drew Timme,25,LAL,PF,27,1,235,0,0,0,42,58,-5.0,-7.3,9,3,13,1,4,1,51,1,4,,timmedr01
455,DeJon Jarreau,28,MEM,SG,11,0,231,12,67,21,0,0,-22.2,-17.3,13,6,15,4,11,2,93,3,5,,jarrede01
456,Chris Paul,40,LAC,PG,16,0,228,100,0,0,0,0,-16.1,-18.3,13,2,11,0,0,0,131,0,3,,paulch01
457,A.J. Lawson,25,TOR,SG,24,0,226,8,68,22,2,0,-0.8,-3.9,3,2,11,0,7,3,17,2,4,,lawsoaj01
458,Lucas Williamson,27,MEM,SG,7,2,224,16,77,7,0,0,-24.3,-19.6,5,5,13,0,5,2,45,2,7,,willilu01
459,JD Davison,23,HOU,PG,28,0,218,42,59,0,0,0,4.8,-0.4,4,1,10,1,9,3,80,0,4,,davisjd01
460,Toby Okani,24,MEM,SG,6,4,217,0,2,20,62,16,-27.2,-22.6,1,0,11,2,3,0,15,0,6,,okanito01
461,PJ Hall,23,2TM,C,19,2,214,0,0,0,1,99,-7.4,-11.4,9,4,16,1,12,2,26,2,10,,hallpj01
461,PJ Hall,23,MEM,C,7,0,27,0,0,0,0,100,-0.3,5.7,1,0,2,0,2,0,4,1,1,,hallpj01
461,PJ Hall,23,CHO,C,12,2,187,0,0,0,2,98,-8.5,-13.8,8,4,14,1,10,2,22,1,9,,hallpj01
462,Scotty Pippen Jr.,25,MEM,PG,10,6,212,100,0,0,0,0,-10.8,-5.1,16,5,16,4,9,5,114,1,6,,pippesc02
463,DaRon Holmes,23,DEN,PF,25,6,210,0,0,0,29,71,-5.3,-11.0,3,5,10,4,3,0,40,1,2,,holmeda01
464,Yuki Kawamura,24,CHI,PG,18,0,209,100,0,0,0,0,-1.2,4.0,11,2,7,0,5,6,107,0,2,,kawamyu01
465,RayJ Dennis,24,3TM,PG,17,0,206,100,0,0,0,0,-15.5,-9.9,11,4,12,1,1,1,73,0,2,,dennira01
465,RayJ Dennis,24,IND,PG,13,0,168,100,0,0,0,0,-14.6,-7.2,9,4,10,0,1,1,58,0,2,,dennira01
465,RayJ Dennis,24,LAC,PG,1,0,4,100,0,0,0,0,-29.2,-30.4,1,0,0,0,0,0,0,0,0,,dennira01
465,RayJ Dennis,24,ATL,PG,3,0,34,100,0,0,0,0,-18.0,-20.6,1,0,2,1,0,0,15,0,0,,dennira01
466,DeAndre Jordan,37,NOP,C,12,7,199,0,0,0,0,100,0.0,4.8,5,3,12,0,7,0,26,3,5,,jordade01
467,Garrison Mathews,29,IND,SG,15,1,196,0,78,22,0,0,-1.9,6.2,2,0,11,0,9,7,22,0,2,,mathega01
468,MarJon Beauchamp,25,PHI,SF,14,1,196,3,32,57,8,0,-4.6,-4.6,5,5,7,1,10,0,39,1,5,,beaucma01
469,Nigel Hayes-Davis,31,PHO,SF,27,0,195,0,22,29,47,2,-15.5,-18.0,3,2,7,2,2,1,20,0,1,,hayesni01
470,Chris Youngblood,23,2TM,SG,34,0,185,14,36,39,10,0,-1.1,-12.2,0,0,10,0,2,0,31,1,2,,youngch01
470,Chris Youngblood,23,OKC,SG,32,0,174,15,36,38,11,0,-2.0,-13.9,0,0,10,0,2,0,29,1,2,,youngch01
470,Chris Youngblood,23,POR,SG,2,0,11,0,46,54,0,0,14.3,14.7,0,0,0,0,0,0,2,0,0,,youngch01
471,Zach Collins,28,CHI,C,10,0,184,0,0,0,5,95,5.9,11.4,4,3,11,2,11,0,36,4,2,,colliza01
472,Dariq Whitehead,21,MEM,SF,6,2,183,0,1,4,25,70,-23.6,-18.6,7,2,10,0,4,1,22,1,4,,whiteda01
473,Xavier Tillman Sr.,27,2TM,C,30,1,183,0,0,0,18,82,-5.2,-12.2,2,3,12,3,2,2,35,0,3,,tillmxa01
473,Xavier Tillman Sr.,27,BOS,C,14,1,111,0,0,0,7,93,-11.3,-19.8,2,2,8,1,0,1,13,0,2,,tillmxa01
473,Xavier Tillman Sr.,27,CHO,C,16,0,72,0,0,0,36,64,4.3,-0.4,0,1,4,2,2,1,22,0,1,,tillmxa01
474,Tre Scott,29,BRK,PF,6,4,182,0,0,0,0,100,-18.2,-8.2,4,0,7,0,4,0,25,2,3,,scotttr01
475,Jeff Green,39,HOU,PF,30,0,175,0,0,4,55,41,-8.5,-14.3,2,2,10,0,3,0,18,2,1,,greenje02
476,Mason Plumlee,35,2TM,C,20,3,172,0,0,0,0,100,-1.3,-7.0,7,1,11,3,6,2,52,2,1,,plumlma01
476,Mason Plumlee,35,CHO,C,14,2,125,0,0,0,0,100,4.6,-0.1,7,0,7,2,5,1,43,2,1,,plumlma01
476,Mason Plumlee,35,SAS,C,6,1,47,0,0,0,0,100,-17.1,-25.4,0,1,4,1,1,1,9,0,0,,plumlma01
477,Andersson Garcia,25,UTA,SF,5,2,169,0,2,41,40,17,-10.4,-2.4,3,3,9,0,4,0,35,1,3,,garcian01
478,Tyler Smith,21,DAL,PF,12,0,166,0,0,19,75,6,-7.1,-1.4,0,5,6,1,1,0,12,0,2,,smithty02
479,Hunter Tyson,25,DEN,PF,21,2,162,0,0,14,81,5,-6.2,-11.7,2,1,5,2,5,0,45,2,6,,tysonhu01
480,Nikola Topić,20,OKC,PG,10,2,160,100,0,0,0,0,-12.3,-24.5,17,5,7,0,3,0,108,1,6,,topicni01
481,Kevin McCullar Jr.,24,NYK,SF,21,0,155,0,17,55,28,0,-8.8,-16.2,7,3,12,2,3,1,50,1,2,,mcculke01
482,Walker Kessler,24,UTA,C,5,5,154,0,0,0,0,100,4.9,13.5,8,3,7,5,11,0,36,2,5,,kesslwa01
483,Joe Ingles,38,MIN,SF,27,2,153,0,5,53,42,0,-4.8,-8.6,12,1,5,1,1,1,77,0,0,,inglejo01
484,Charles Bassey,25,4TM,C,13,0,153,0,0,0,15,85,-14.5,-14.0,1,3,11,2,7,0,18,3,4,,bassech01
484,Charles Bassey,25,MEM,C,2,0,31,0,0,0,63,37,-11.9,-6.1,0,0,4,1,2,0,5,1,1,,bassech01
484,Charles Bassey,25,PHI,C,1,0,5,0,0,0,0,100,-60.0,-59.8,0,0,0,0,0,0,0,0,0,,bassech01
484,Charles Bassey,25,BOS,C,5,0,17,0,0,0,0,100,-12.0,-20.0,0,1,2,0,2,0,0,0,0,,bassech01
484,Charles Bassey,25,GSW,C,5,0,100,0,0,0,3,97,-13.4,-13.1,1,2,5,1,3,0,13,2,3,,bassech01
485,Adou Thiero,21,LAL,SF,25,0,149,1,11,45,36,7,-11.5,-13.9,6,2,8,1,11,2,28,3,5,,thierad01
486,Thanasis Antetokounmpo,33,MIL,SF,34,0,148,0,1,20,75,5,-3.0,3.5,2,6,8,0,15,1,42,2,2,,antetth01
487,Alijah Martin,24,TOR,SG,23,0,146,32,53,12,2,0,-6.6,-9.8,5,1,5,0,7,1,28,1,3,,martial01
488,Amari Williams,24,BOS,PF,22,2,146,0,0,2,8,90,-18.6,-27.5,5,1,10,5,6,0,28,2,2,,william01
489,Bismack Biyombo,33,SAS,C,25,1,141,0,0,0,51,49,-34.4,-43.9,2,2,16,4,3,1,15,1,2,,biyombi01
490,Tolu Smith,25,DET,PF,15,0,137,0,0,0,5,95,-0.4,-8.9,1,2,14,3,13,1,34,1,7,,smithto05
491,Pacôme Dadiet,20,NYK,SG,29,0,136,9,53,37,1,0,-1.1,-8.2,1,1,2,0,5,1,28,1,2,,dadiepa01
492,Mac McClung,27,2TM,SG,11,0,135,17,53,29,1,0,-9.7,-4.1,7,1,9,1,9,0,22,6,2,,mccluma01
492,Mac McClung,27,IND,SG,3,0,34,20,71,9,0,0,-19.2,-11.6,2,0,3,0,3,0,2,2,1,,mccluma01
492,Mac McClung,27,CHI,SG,8,0,101,16,47,35,2,0,-6.5,-1.6,5,1,6,1,6,0,20,4,1,,mccluma01
493,Miles Kelly,23,DAL,PG,14,0,134,8,92,0,0,0,-6.0,-0.3,1,3,7,2,1,0,31,1,0,,kellymi02
494,Seth Curry,35,GSW,SG,10,0,133,19,68,13,0,0,-5.1,-4.7,1,1,4,0,2,1,21,0,1,,curryse01
495,Bradley Beal,32,LAC,SG,6,6,121,0,81,19,0,0,-9.9,-11.5,6,2,7,1,4,2,23,0,1,,bealbr01
496,Kobe Bufkin,22,LAL,SG,16,1,119,36,49,15,0,0,-26.1,-28.9,2,2,4,0,4,2,26,0,2,,bufkiko01
497,Kyle Lowry,39,PHI,PG,14,0,118,100,0,0,0,0,-16.5,-16.8,2,0,5,1,2,0,29,0,0,,lowryky01
498,Dereck Lively II,21,DAL,C,7,4,115,0,0,0,0,100,5.2,11.3,3,0,12,5,4,0,29,0,2,,livelde01
499,Trey Alexander,22,NOP,SG,9,0,111,26,69,5,0,0,-9.8,-5.4,2,1,7,0,2,1,22,1,0,,alexatr01
500,Omer Yurtseven,27,GSW,C,9,0,104,0,0,0,0,100,-6.9,-6.5,3,3,11,2,7,2,20,0,4,,yurtsom01
501,Luke Travers,24,CLE,SG,12,0,103,0,51,49,0,0,-12.7,-17.3,2,0,2,1,5,0,21,1,3,,travelu01
502,Patrick Baldwin Jr.,23,3TM,SF,9,1,102,0,0,32,68,0,-18.6,-10.2,3,1,10,1,3,0,11,1,0,,baldwpa01
502,Patrick Baldwin Jr.,23,LAC,SF,2,0,12,0,0,100,0,0,12.3,11.1,1,0,0,0,0,0,0,0,0,,baldwpa01
502,Patrick Baldwin Jr.,23,PHI,SF,1,0,2,0,0,0,100,0,140.0,140.3,0,0,0,0,0,0,0,0,0,,baldwpa01
502,Patrick Baldwin Jr.,23,SAC,SF,6,1,88,0,0,23,77,0,-26.4,-16.6,2,1,10,1,3,0,11,1,0,,baldwpa01
503,Alondes Williams,26,WAS,SG,4,0,101,0,53,43,4,0,18.9,31.3,4,0,4,0,5,1,27,2,0,,willial06
504,Taj Gibson,40,MEM,C,10,1,97,0,0,0,0,100,-5.7,0.3,0,0,5,1,4,1,15,0,4,,gibsota01
505,Javonte Cooke,26,POR,SG,19,0,94,23,64,13,0,0,-27.5,-27.7,6,3,3,0,1,2,14,0,5,,cookeja01
506,Chris Boucher,33,BOS,PF,9,0,94,0,0,14,47,39,4.0,-4.0,0,0,14,1,1,1,8,0,1,,bouchch01
507,Isaiah Crawford,24,HOU,SF,14,0,92,0,4,68,26,2,-8.5,-14.0,1,3,4,0,2,0,11,0,2,,crawfis01
508,Haywood Highsmith,29,PHO,SF,7,0,91,0,6,52,43,0,1.7,0.1,0,0,4,0,3,0,19,1,2,,highsha01
509,Johnny Juzang,24,MIN,SG,21,0,88,0,39,58,3,0,-2.0,-5.6,4,1,3,0,1,0,14,0,0,,juzanjo01
510,TyTy Washington Jr.,24,LAC,PG,16,0,88,81,19,0,0,0,-21.6,-23.3,3,0,3,0,0,1,35,0,1,,washity02
511,Curtis Jones,24,DEN,SG,10,0,88,15,77,8,0,0,12.1,7.2,0,1,3,0,1,1,25,0,1,,jonescu01
512,Tristan Enaruna,24,CLE,SF,9,0,85,7,27,40,27,0,27.1,23.4,1,1,2,0,5,0,15,2,3,,enarutr01
513,Koby Brea,23,PHO,SG,12,0,84,13,87,0,0,0,-5.8,-7.6,3,0,5,0,0,0,23,0,1,,breako01
514,Trey Jemison,26,NYK,C,13,0,82,0,0,0,22,78,-15.9,-23.3,2,3,3,5,1,0,11,1,0,,jemistr01
515,Josh Oduro,25,NOP,PF,3,1,82,0,0,14,83,3,0.5,5.2,0,0,7,2,5,1,9,4,0,,odurojo01
516,Caleb Houstan,23,ATL,SF,18,0,75,0,8,73,19,0,2.7,0.2,1,1,6,1,1,0,8,0,1,,houstca01
517,Eric Gordon,37,PHI,SG,6,0,74,3,61,36,0,0,-18.1,-18.2,1,0,2,1,1,0,6,0,1,,gordoer01
518,Keshon Gilbert,22,2TM,SG,4,0,74,6,83,11,0,0,-37.9,-31.6,4,4,2,0,3,0,29,1,0,,gilbeke01
518,Keshon Gilbert,22,WAS,PG,3,0,48,0,94,6,0,0,-49.0,-37.8,2,4,2,0,1,0,7,0,0,,gilbeke01
518,Keshon Gilbert,22,ATL,SG,1,0,26,18,63,20,0,0,-17.6,-20.2,2,0,0,0,2,0,22,1,0,,gilbeke01
519,Garrett Temple,39,TOR,SG,22,0,73,41,55,5,0,0,0.0,-3.0,7,0,1,0,2,1,21,0,1,,templga01
520,David Roddy,24,DEN,PF,5,0,73,0,0,11,89,0,3.2,-1.9,1,1,4,0,4,0,10,1,2,,roddyda01
521,Bobi Klintman,22,DET,SF,12,0,71,0,0,4,94,2,1.3,-7.0,5,1,7,0,1,1,13,1,4,,klintbo01
522,David Jones García,24,SAS,SF,11,0,68,6,82,13,0,0,22.5,14.8,2,3,2,0,4,1,42,2,4,,jonesda06
523,Antonio Reeves,25,CHO,SG,10,0,68,12,66,22,0,0,15.2,10.7,1,0,2,0,0,0,8,0,1,,reevean01
524,Kadary Richmond,24,WAS,SG,3,0,67,0,1,64,34,0,7.2,19.1,2,0,1,0,2,0,17,1,0,,richmka01
525,Monte Morris,30,IND,PG,6,0,65,79,22,0,0,0,-18.7,-11.2,1,1,1,0,1,0,21,0,1,,morrimo01
526,Drew Peterson,26,CHO,PF,6,0,64,0,0,15,85,0,-7.8,-12.7,0,0,3,0,1,1,5,0,0,,peterdr01
527,Payton Sandfort,23,OKC,SF,4,0,63,0,0,73,27,0,-12.5,-24.1,0,0,4,0,2,0,0,0,0,,sandfpa01
528,Dalano Banton,26,2TM,PG,6,0,62,77,23,0,0,0,-6.6,-13.6,3,3,1,1,2,0,31,0,3,,bantoda01
528,Dalano Banton,26,LAC,PG,2,0,10,0,100,0,0,0,11.1,9.9,0,1,0,0,0,0,5,0,0,,bantoda01
528,Dalano Banton,26,BOS,PG,4,0,52,92,8,0,0,0,-10.0,-18.2,3,2,1,1,2,0,26,0,3,,bantoda01
529,Wendell Moore Jr.,24,DET,SG,6,0,60,1,25,66,8,0,36.1,28.3,1,0,2,0,1,1,11,0,1,,moorewe01
530,DaQuan Jeffries,28,SAC,SG,3,0,60,0,16,63,22,0,1.9,12.3,0,0,6,0,3,1,3,1,1,,jeffrda01
531,Jahmir Young,25,MIA,PG,14,0,58,100,0,0,0,0,3.5,1.0,1,2,7,0,2,0,22,2,4,,youngja05
532,James Wiseman,24,IND,C,4,1,58,0,0,0,10,90,-11.6,-3.9,1,4,4,0,1,0,8,0,1,,wisemja01
533,Riley Minix,25,2TM,SF,9,0,58,0,17,50,33,0,28.9,24.5,2,0,1,1,2,0,12,1,0,,minixri01
533,Riley Minix,25,SAS,SF,3,0,8,0,0,45,55,0,60.3,52.4,0,0,0,0,0,0,2,0,0,,minixri01
533,Riley Minix,25,CLE,SF,6,0,50,0,20,51,29,0,23.9,20.0,2,0,1,1,2,0,10,1,0,,minixri01
534,Johni Broome,23,PHI,C,11,0,55,0,0,0,2,99,-16.9,-16.9,1,1,5,1,3,1,8,0,3,,broomjo01
535,Cody Martin,30,IND,SF,4,0,55,0,32,64,4,0,-19.3,-11.7,2,1,4,0,2,1,5,0,1,,martico01
536,Lawson Lovering,22,MEM,C,2,1,49,0,0,0,0,100,-1.2,4.8,1,0,4,1,2,0,7,1,1,,loverla01
537,Chris Mañon,24,LAL,SG,9,0,46,12,32,49,7,0,-1.1,-3.0,0,1,3,0,1,1,7,0,0,,manonch01
538,Mouhamadou Gueye,27,CHI,PF,2,0,45,0,0,0,46,54,-20.5,-15.6,1,2,4,0,2,0,15,0,0,,gueyemo01
539,Mo Bamba,27,2TM,C,4,0,44,0,0,0,0,100,-12.2,-5.6,1,1,2,0,0,0,3,0,0,,bambamo01
539,Mo Bamba,27,TOR,C,2,0,6,0,0,0,0,100,-75.0,-78.0,0,0,1,0,0,0,0,0,0,,bambamo01
539,Mo Bamba,27,UTA,C,2,0,38,0,0,0,0,100,-2.3,5.8,1,1,1,0,0,0,3,0,0,,bambamo01
540,Zyon Pullin,24,MIN,SG,5,0,43,89,11,0,0,0,6.5,3.0,3,0,4,0,1,0,23,0,2,,pullizy01
541,Isaiah Stevens,25,SAC,PG,3,0,43,100,0,0,0,0,-9.3,0.9,1,1,2,0,1,0,25,0,2,,steveis01
542,John Tonje,24,BOS,SG,6,0,42,0,80,20,0,0,-3.0,-11.0,0,0,3,0,1,0,5,0,1,,tonjejo01
543,Hunter Dickinson,25,NOP,C,5,0,42,0,0,0,0,100,-42.0,-37.9,1,0,4,2,0,0,5,0,0,,dickihu01
544,Dario Šarić,31,SAC,C,5,0,41,0,0,0,95,5,0.0,10.3,0,1,2,0,1,0,5,0,1,,saricda01
545,CJ Huntley,24,PHO,SF,4,0,40,0,0,69,31,0,15.3,13.8,0,0,1,0,0,0,5,0,1,,huntlcj01
546,Dillon Jones,24,NYK,SF,7,0,39,0,19,73,8,0,8.6,1.8,0,0,2,0,2,0,9,0,1,,jonesdi01
547,Olivier Sarr,26,CLE,C,4,0,39,0,0,0,0,100,33.1,29.3,0,1,5,1,1,0,11,0,0,,sarrol01
548,Skal Labissière,29,WAS,PF,3,0,38,0,0,0,0,100,1.2,12.9,1,0,2,0,0,0,9,0,0,,labissk01
549,Enrique Freeman,25,MIN,PF,4,0,37,0,0,6,94,0,32.1,28.9,0,1,4,0,1,0,4,0,1,,freemen01
550,Max Shulga,23,BOS,SG,11,1,36,78,22,0,0,0,-10.6,-18.6,2,1,6,0,1,0,4,0,0,,shulgma01
551,Markelle Fultz,27,TOR,PG,5,0,36,100,0,0,0,0,-41.6,-45.0,3,1,2,0,0,0,19,0,1,,fultzma01
552,Rocco Zikarsky,19,MIN,C,5,0,36,0,0,0,0,100,4.5,1.0,1,0,3,0,2,0,4,0,0,,zikarro01
553,Isaac Jones,25,2TM,PF,7,1,36,0,0,0,90,10,-46.3,-46.0,1,0,2,0,1,0,2,0,1,,jonesis01
553,Isaac Jones,25,SAC,PF,3,1,17,0,0,0,100,0,-47.0,-37.0,0,0,2,0,0,0,2,0,0,,jonesis01
553,Isaac Jones,25,DET,PF,4,0,19,0,0,0,80,20,-45.7,-54.2,1,0,0,0,1,0,0,0,1,,jonesis01
554,Grant Nelson,23,BRK,PF,4,0,35,0,0,0,85,15,-12.0,-1.6,3,1,4,0,4,0,12,0,2,,nelsogr02
555,Emanuel Miller,25,CHI,PF,5,0,33,0,0,62,38,0,-28.8,-24.0,0,0,2,0,1,0,8,0,0,,milleem01
556,Jahmyl Telfort,24,LAC,PF,8,0,32,0,0,100,0,0,-9.4,-10.7,0,0,2,1,2,0,3,0,0,,telfoja01
557,Sean Pedulla,23,LAC,PG,7,0,31,100,0,0,0,0,-29.9,-31.4,1,0,2,0,0,0,10,0,1,,pedulse01
558,Harrison Ingram,23,SAS,SF,7,0,26,0,48,44,8,0,-20.3,-28.5,0,0,1,0,0,0,2,0,0,,ingraha01
559,Hunter Sallis,22,PHI,SG,7,0,26,62,36,2,0,0,-28.0,-28.0,3,2,2,0,1,0,12,0,0,,sallihu01
560,Mark Sears,23,MIL,PG,7,0,26,100,0,0,0,0,23.5,30.2,4,0,0,0,1,0,5,0,0,,searsma01
561,Orlando Robinson,25,ORL,C,4,1,25,0,0,0,0,100,-23.4,-24.0,0,0,2,0,0,0,6,0,0,,robinor01
562,Hayden Gray,22,UTA,,1,0,25,100,0,0,0,0,-27.0,-19.0,1,0,0,0,1,0,2,0,0,,grayha01
563,Vladislav Goldin,24,MIA,C,9,0,24,0,0,0,0,100,3.3,0.8,2,1,3,0,1,0,7,1,0,,goldivl01
564,Norchad Omier,24,LAC,PF,6,0,24,0,0,0,25,75,-45.5,-47.0,0,0,3,0,1,0,5,1,1,,omierno01
565,Alex Morales,28,ORL,PG,4,0,24,45,55,0,0,0,9.6,9.1,1,2,4,0,1,0,10,0,1,,moralal01
566,Jayson Kent,23,POR,SF,5,0,22,0,0,50,50,0,-0.5,-0.1,0,0,1,0,1,0,0,1,0,,kentja01
567,Alex Antetokounmpo,24,MIL,SF,6,0,21,0,0,38,62,0,2.0,8.5,0,0,1,0,5,0,2,0,0,,antetal01
568,Colin Castleton,25,ORL,C,4,0,21,0,0,0,15,85,6.2,5.7,1,0,0,1,1,0,2,1,1,,castlco01
569,Brandon Clarke,29,MEM,PF,2,2,20,0,0,79,21,0,-23.8,-18.0,0,0,2,0,2,1,3,0,3,,clarkbr01
570,Jacob Toppin,25,ATL,SF,5,0,17,0,0,92,8,0,45.2,42.9,0,0,0,0,0,0,3,0,0,,toppija01
571,Chris Livingston,22,CLE,SF,3,0,17,0,0,100,0,0,19.6,15.5,0,0,1,0,1,0,2,1,0,,livinch01
572,Trevor Keels,22,MIA,SG,8,0,15,0,79,19,3,0,13.2,10.7,0,0,0,0,0,0,0,0,0,,keelstr01
573,Buddy Boeheim,26,OKC,SF,4,0,15,0,0,54,14,32,12.2,0.9,0,0,1,0,0,1,0,0,1,,boehebu01
574,N'Faly Dante,24,ATL,C,4,0,15,0,0,0,0,100,30.3,28.0,1,0,1,0,0,0,0,0,0,,nfalyda01
575,Chucky Hepburn,22,TOR,PG,2,0,13,100,0,0,0,0,-64.0,-67.1,1,0,2,0,0,0,5,0,0,,hepbuch01
576,Tristen Newton,24,HOU,SG,1,0,12,0,53,48,0,0,13.3,8.2,0,0,0,0,2,0,0,1,1,,newtotr01
577,Tosan Evbuomwan,24,NYK,SF,5,0,8,0,9,91,0,0,-40.0,-46.9,0,0,0,0,0,0,0,0,0,,evbuoto01
578,Stanley Umude,26,SAS,SG,2,0,7,0,67,33,0,0,-135.2,-143.4,0,0,2,0,0,0,2,0,0,,umudest01
579,Colby Jones,23,DET,SG,1,0,7,0,0,100,0,0,89.5,81.5,0,0,1,0,0,0,4,0,0,,jonesco02
580,Noa Essengue,19,CHI,PF,2,0,6,0,0,0,74,26,-107.1,-102.3,0,0,1,0,0,0,0,0,1,,essenno01
581,Trentyn Flowers,20,CHI,SF,2,0,6,0,0,100,0,0,-20.0,-15.0,0,0,1,0,0,0,2,0,0,,flowetr01
582,Darius Brown II,26,CLE,SG,1,0,3,0,0,100,0,0,-55.0,-59.2,0,0,0,0,0,0,0,0,0,,brownda04