,,,,,,,% of FGA by Distance,% of FGA by Distance,% of FGA by Distance,% of FGA by Distance,% of FGA by Distance,% of FGA by Distance,,FG% by Distance,FG% by Distance,FG% by Distance,FG% by Distance,FG% by Distance,FG% by Distance,,% of FG Ast'd,% of FG Ast'd,,Dunks,Dunks,,Layups,Layups,,Corner,Corner,,1/2 Court,1/2 Court
Rk,Team,G,MP,FG%,Dist.,,2P,0-3,3-10,10-16,16-3P,3P,,2P,0-3,3-10,10-16,16-3P,3P,,2P,3P,,%FGA,Md.,,%FGA,Md.,,%3PA,3P%,,Att.,Md.
1,Atlanta Hawks*,82,19755,.474,14.2,,.571,.244,.200,.085,.041,.429,,.552,.687,.450,.474,.405,.371,,.581,.909,,.059,396,,.246,1061,,.257,.381,,1,1
2,Boston Celtics*,82,19730,.467,16.2,,.533,.161,.196,.112,.064,.467,,.555,.754,.490,.481,.382,.367,,.463,.794,,.039,255,,.235,1055,,.162,.414,,0,0
3,Brooklyn Nets,82,19755,.443,14.5,,.545,.235,.211,.063,.036,.455,,.528,.686,.419,.410,.347,.340,,.548,.891,,.061,377,,.275,1032,,.236,.366,,1,0
4,Chicago Bulls,82,19755,.469,13.7,,.557,.310,.184,.042,.021,.443,,.559,.659,.429,.486,.359,.356,,.553,.906,,.041,264,,.326,1397,,.255,.374,,1,1
5,Charlotte Hornets*,82,19755,.460,15.5,,.513,.213,.204,.072,.025,.487,,.538,.706,.430,.408,.363,.378,,.518,.832,,.065,415,,.224,887,,.221,.436,,3,2
6,Cleveland Cavaliers*,82,19755,.482,14.4,,.558,.252,.190,.082,.034,.442,,.578,.708,.484,.480,.375,.360,,.574,.814,,.082,540,,.231,979,,.226,.377,,1,0
7,Dallas Mavericks,82,19855,.466,13.4,,.645,.229,.236,.108,.072,.355,,.533,.715,.455,.428,.368,.344,,.503,.888,,.065,414,,.263,1057,,.289,.377,,1,0
8,Denver Nuggets*,82,19930,.496,14.4,,.592,.212,.224,.097,.060,.408,,.565,.720,.491,.486,.424,.396,,.586,.829,,.046,288,,.266,1131,,.250,.440,,3,3
9,Detroit Pistons*,82,19805,.485,12.4,,.655,.252,.284,.082,.037,.345,,.553,.696,.487,.413,.398,.356,,.565,.863,,.087,583,,.319,1290,,.286,.376,,1,1
10,Golden State Warriors*,82,19805,.461,15.7,,.503,.198,.201,.067,.037,.497,,.565,.736,.483,.418,.365,.356,,.593,.886,,.034,226,,.279,1248,,.251,.398,,1,1
11,Houston Rockets*,82,19905,.479,13.7,,.650,.211,.225,.147,.067,.350,,.540,.700,.492,.439,.422,.364,,.494,.859,,.081,534,,.234,932,,.291,.377,,2,1
12,Indiana Pacers,82,19755,.458,14.8,,.578,.216,.197,.103,.062,.422,,.533,.677,.466,.453,.376,.356,,.566,.907,,.047,302,,.260,1077,,.226,.372,,0,0
13,Los Angeles Clippers*,82,19780,.484,14.3,,.596,.207,.237,.106,.046,.404,,.564,.732,.495,.470,.379,.368,,.496,.789,,.065,392,,.241,979,,.241,.415,,0,0
14,Los Angeles Lakers*,82,19705,.502,14.4,,.606,.209,.218,.127,.052,.394,,.595,.778,.531,.471,.433,.359,,.569,.735,,.078,499,,.228,974,,.239,.345,,1,0
15,Memphis Grizzlies,82,19730,.456,14.7,,.564,.207,.218,.096,.043,.436,,.536,.673,.482,.446,.354,.353,,.583,.851,,.042,264,,.245,1049,,.226,.366,,1,1
16,Miami Heat*,82,19705,.468,13.7,,.594,.237,.243,.081,.032,.406,,.542,.683,.463,.432,.369,.361,,.544,.923,,.050,345,,.279,1230,,.247,.379,,2,1
17,Milwaukee Bucks,82,19755,.477,15.5,,.543,.217,.155,.098,.072,.457,,.553,.746,.425,.440,.401,.387,,.494,.868,,.061,388,,.226,918,,.276,.433,,1,0
18,Minnesota Timberwolves*,82,19780,.481,14.2,,.580,.248,.192,.094,.046,.420,,.562,.715,.454,.464,.386,.370,,.511,.824,,.071,457,,.258,1108,,.246,.390,,2,0
19,New Orleans Pelicans,82,19805,.466,12.4,,.645,.319,.220,.070,.036,.355,,.531,.671,.405,.386,.338,.347,,.510,.836,,.075,490,,.354,1440,,.224,.388,,1,0
20,New York Knicks*,82,19755,.478,14.4,,.572,.246,.170,.108,.049,.428,,.556,.689,.464,.449,.439,.373,,.534,.860,,.058,387,,.237,1013,,.302,.416,,0,0
21,Oklahoma City Thunder*,82,19855,.484,14.6,,.574,.233,.179,.116,.046,.426,,.572,.720,.441,.524,.447,.365,,.474,.860,,.064,413,,.252,1067,,.230,.380,,0,0
22,Orlando Magic*,82,19830,.464,13.5,,.614,.247,.227,.092,.047,.386,,.540,.705,.438,.415,.416,.343,,.564,.856,,.064,406,,.303,1225,,.271,.385,,1,1
23,Philadelphia 76ers*,82,19880,.462,14.0,,.609,.266,.187,.093,.064,.391,,.535,.670,.434,.413,.444,.349,,.499,.805,,.058,372,,.292,1216,,.214,.372,,1,1
24,Phoenix Suns*,82,19755,.455,15.8,,.547,.198,.170,.117,.062,.453,,.533,.690,.445,.449,.425,.361,,.485,.808,,.060,385,,.222,893,,.210,.395,,2,1
25,Portland Trail Blazers*,82,19755,.453,14.7,,.531,.257,.185,.055,.035,.469,,.551,.699,.424,.380,.405,.343,,.499,.829,,.075,473,,.289,1196,,.242,.340,,0,0
26,Sacramento Kings,82,19755,.467,13.9,,.661,.169,.274,.136,.082,.339,,.532,.729,.503,.423,.402,.340,,.538,.849,,.059,380,,.257,1069,,.232,.359,,0,0
27,San Antonio Spurs*,82,19730,.483,13.9,,.578,.277,.171,.089,.041,.422,,.574,.704,.468,.422,.467,.359,,.521,.920,,.074,498,,.264,1117,,.318,.391,,1,0
28,Toronto Raptors*,82,19780,.482,13.4,,.637,.266,.188,.127,.056,.363,,.555,.708,.444,.458,.426,.354,,.600,.942,,.062,390,,.265,1161,,.267,.388,,1,0
29,Utah Jazz,82,19830,.467,14.0,,.598,.187,.273,.085,.052,.402,,.550,.687,.521,.430,.402,.345,,.618,.882,,.062,403,,.279,1211,,.272,.385,,0,0
30,Washington Wizards,82,19755,.463,14.6,,.597,.215,.213,.105,.064,.403,,.533,.732,.402,.460,.419,.359,,.500,.817,,.062,402,,.254,1042,,.212,.387,,0,0
,League Average,82,19781,.471,14.3,,.585,.231,.209,.095,.049,.415,,.550,.703,.463,.446,.401,.360,,.537,.854,,.061,398,,.264,1102,,.246,.387,,1.0,0.5